1 1966011918 1.967 139.817 7 1 1
2 0.0 28.500 1 34.630 1
2 9.0 28.320 1 34.630 1
2 19.0 28.310 1 34.630 1
2 28.0 28.240 1 34.630 1
2 47.0 25.640 1 34.960 1
2 76.0 23.020 1 35.150 1
2 101.0 22.480 1 35.190 1
2 129.0 20.870 1 35.240 1
2 154.0 19.080 1 35.060 1
2 202.0 14.780 1 34.690 1
2 249.0 11.300 1 34.630 1
2 296.0 9.820 1 34.590 1
2 392.0 8.590 1 34.570 1
2 482.0 8.090 1 34.640 1
2 521.0 7.220 1 34.550 1
2 695.0 6.140 1 34.540 1
2 783.0 5.640 1 34.520 1
2 960.0 4.900 1 0.000 0
2 992.0 4.680 1 34.510 1
2 1212.0 3.850 1 34.560 1
1 1966012002 3.117 139.883 7 1 1
2 0.0 27.910 1 34.730 1
2 11.0 27.930 1 34.730 1
2 22.0 27.920 1 34.740 1
2 34.0 27.630 1 34.750 1
2 58.0 23.910 1 35.070 1
2 87.0 23.560 1 35.210 1
2 116.0 22.150 1 34.920 1
2 149.0 18.440 1 34.740 1
2 183.0 16.270 1 34.660 1
2 255.0 10.990 1 34.660 1
2 323.0 9.330 1 34.610 1
2 390.0 8.790 1 34.670 1
2 525.0 7.760 1 34.630 1
2 659.0 6.970 1 34.570 1
2 791.0 5.930 1 34.540 1
2 924.0 5.210 1 34.560 1
2 1057.0 4.590 1 34.580 1
2 1313.0 3.570 1 34.600 1
2 1572.0 2.860 1 34.620 1
2 1946.0 2.180 1 34.650 1
2 2560.0 1.710 1 34.670 1
1 1966012011 4.267 139.917 7 1 1
2 0.0 27.380 1 34.810 1
2 11.0 27.390 1 34.800 1
2 21.0 27.350 1 34.790 1
2 32.0 27.310 1 34.800 1
2 66.0 26.690 1 34.940 1
2 85.0 24.230 1 34.880 1
2 114.0 22.440 1 34.760 1
2 143.0 18.340 1 34.740 1
2 172.0 14.390 1 34.580 1
2 226.0 10.510 1 34.490 1
2 284.0 9.020 1 34.510 1
2 342.0 8.390 1 34.530 1
2 458.0 7.310 1 34.580 1
2 574.0 6.580 1 34.570 1
2 688.0 6.040 1 34.510 1
2 803.0 5.550 1 34.540 1
2 918.0 4.830 1 34.570 1
2 1166.0 4.030 1 34.590 1
2 1540.0 2.990 1 34.600 1
2 1867.0 2.500 1 34.620 1
2 2456.0 1.860 1 34.650 1
2 3075.0 1.560 1 34.670 1
2 3644.0 1.690 1 34.690 1
1 1966012118 8.017 139.917 7 1 1
2 0.0 27.090 1 34.390 1
2 9.0 27.110 1 34.350 1
2 20.0 27.130 1 34.370 1
2 38.0 27.140 1 34.460 1
2 56.0 22.490 1 34.780 1
2 77.0 20.290 1 34.790 1
2 99.0 18.020 1 34.720 1
2 121.0 14.160 1 34.550 1
2 142.0 12.420 1 34.570 1
2 185.0 10.070 1 34.580 1
2 229.0 9.260 1 34.630 1
2 250.0 9.070 1 34.640 1
2 272.0 8.870 1 34.640 1
2 384.0 8.050 1 34.590 1
2 496.0 7.400 1 34.570 1
2 587.0 6.740 1 34.540 1
2 657.0 6.140 1 34.540 1
2 747.0 5.670 1 34.540 1
2 932.0 4.710 1 34.550 1
2 1150.0 3.930 1 34.560 1
2 1322.0 3.520 1 34.590 1
1 1966012204 9.100 139.883 7 1 1
2 0.0 26.950 1 34.350 1
2 9.0 26.980 1 34.350 1
2 19.0 26.970 1 34.320 1
2 28.0 26.960 1 34.320 1
2 47.0 26.980 1 34.300 1
2 70.0 27.020 1 34.280 1
2 94.0 24.700 1 34.750 1
2 117.0 20.140 1 34.880 1
2 140.0 14.950 1 34.610 1
2 187.0 10.740 1 34.580 1
2 234.0 9.480 1 34.590 1
2 281.0 9.160 1 34.610 1
2 385.0 8.430 1 34.580 1
2 494.0 7.410 1 34.580 1
2 609.0 6.750 1 34.550 1
2 724.0 6.040 1 34.520 1
2 834.0 5.480 1 34.540 1
2 1053.0 4.260 1 34.550 1
2 1331.0 3.350 1 34.590 1
2 1722.0 2.770 1 34.620 1
2 2369.0 1.870 1 34.650 1
1 1966013016 8.000 135.000 7 1 1
2 0.0 26.810 1 34.310 1
2 13.0 26.820 1 34.310 1
2 26.0 26.800 1 34.300 1
2 38.0 26.750 1 34.350 1
2 62.0 26.720 1 34.340 1
2 93.0 23.620 1 34.720 1
2 124.0 16.080 1 34.630 1
2 155.0 13.140 1 34.520 1
2 187.0 11.990 1 34.510 1
2 249.0 9.970 1 34.530 1
2 311.0 9.340 1 34.570 1
2 373.0 8.690 1 34.570 1
2 458.0 7.860 1 34.550 1
2 543.0 6.930 1 34.520 1
2 643.0 6.490 1 34.510 1
2 743.0 5.770 1 34.530 1
2 831.0 5.380 1 34.530 1
2 1007.0 4.520 1 34.560 1
2 1252.0 3.600 1 34.580 1
2 1503.0 3.010 1 34.590 1
2 1931.0 2.290 1 34.640 1
1 1966013101 7.017 135.000 7 1 1
2 0.0 26.700 1 34.400 1
2 10.0 26.710 1 34.400 1
2 19.0 26.710 1 34.360 1
2 29.0 26.720 1 34.380 1
2 50.0 26.690 1 34.360 1
2 74.0 21.450 1 34.810 1
2 97.0 18.540 1 34.800 1
2 121.0 16.290 1 34.730 1
2 145.0 13.880 1 34.630 1
2 193.0 10.670 1 34.590 1
2 241.0 9.840 1 34.590 1
2 289.0 9.170 1 34.620 1
2 377.0 8.060 1 34.590 1
2 464.0 7.450 1 34.570 1
2 567.0 6.930 1 34.580 1
2 664.0 6.400 1 34.590 1
2 761.0 5.880 1 34.550 1
2 932.0 4.890 1 34.600 1
2 1168.0 3.820 1 34.610 1
2 1472.0 3.160 1 34.640 1
2 2045.0 2.190 1 34.680 1
1 1966013110 5.917 134.917 7 1 1
2 0.0 26.840 1 34.340 1
2 12.0 26.800 1 34.340 1
2 24.0 26.800 1 34.350 1
2 35.0 26.800 1 34.350 1
2 59.0 20.560 1 34.790 1
2 86.0 16.940 1 34.690 1
2 114.0 13.460 1 34.550 1
2 141.0 11.780 1 34.480 1
2 169.0 11.050 1 34.500 1
2 228.0 8.920 1 34.520 1
2 287.0 8.330 1 34.560 1
2 342.0 7.830 1 34.570 1
2 458.0 7.080 1 34.540 1
2 574.0 6.510 1 34.520 1
2 692.0 6.040 1 34.520 1
2 809.0 5.430 1 34.530 1
2 918.0 4.940 1 34.530 1
2 1137.0 4.080 1 34.560 1
2 1377.0 3.290 1 34.570 1
2 1705.0 2.600 1 34.610 1
2 2281.0 1.990 1 34.630 1
1 1966013119 4.967 135.050 7 1 1
2 0.0 27.020 1 34.450 1
2 12.0 27.030 1 34.450 1
2 25.0 27.020 1 34.440 1
2 37.0 27.040 1 34.440 1
2 68.0 21.350 1 34.800 1
2 99.0 18.120 1 34.740 1
2 130.0 13.550 1 34.590 1
2 161.0 11.630 1 34.510 1
2 196.0 9.870 1 34.450 1
2 267.0 8.760 1 34.540 1
2 337.0 8.180 1 34.550 1
2 408.0 7.760 1 34.580 1
2 550.0 6.830 1 34.540 1
2 683.0 6.050 1 34.540 1
2 817.0 5.440 1 34.540 1
2 951.0 4.780 1 34.570 1
2 1085.0 4.340 1 34.580 1
2 1353.0 3.580 1 34.590 1
2 1617.0 2.730 1 34.620 1
2 1999.0 2.290 1 34.660 1
2 2694.0 1.680 1 34.650 1
1 1966020103 3.950 135.183 7 1 1
2 0.0 27.010 1 34.450 1
2 9.0 27.010 1 34.440 1
2 18.0 27.010 1 34.430 1
2 27.0 27.040 1 34.440 1
2 49.0 26.470 1 34.450 1
2 74.0 20.080 1 34.820 1
2 98.0 0.000 9 34.800 1
2 122.0 17.800 1 34.590 1
2 143.0 15.610 1 34.580 1
2 192.0 13.230 1 34.880 1
2 240.0 12.700 1 34.850 1
2 282.0 11.360 1 34.840 1
2 380.0 9.380 1 34.680 1
2 479.0 8.010 1 34.590 1
2 564.0 7.260 1 34.570 1
2 650.0 6.700 1 34.560 1
2 736.0 6.110 1 34.530 1
2 908.0 5.100 1 34.550 1
2 1069.0 4.330 1 34.570 1
2 1326.0 3.550 1 34.590 1
2 1816.0 2.490 1 34.630 1
1 1966020111 3.017 135.050 7 1 1
2 0.0 26.950 1 34.470 1
2 10.0 26.940 1 34.440 1
2 21.0 26.860 1 34.440 1
2 32.0 26.830 1 34.420 1
2 55.0 22.720 1 34.730 1
2 87.0 21.360 1 34.710 1
2 120.0 19.950 1 34.680 1
2 152.0 19.790 1 35.330 1
2 184.0 16.420 1 34.860 1
2 248.0 13.190 1 34.890 1
2 267.0 12.450 1 34.850 1
2 377.0 9.420 1 34.710 1
2 488.0 8.580 1 34.630 1
2 599.0 7.520 1 34.590 1
2 720.0 6.350 1 34.550 1
2 840.0 5.740 1 34.550 1
2 960.0 5.240 1 34.550 1
2 1201.0 4.090 1 34.570 1
2 1460.0 3.090 1 34.610 1
2 1848.0 2.400 1 34.620 1
2 2464.0 1.770 1 34.640 1
1 1966020118 2.017 135.117 7 1 1
2 0.0 27.400 1 34.540 1
2 10.0 27.400 1 34.510 1
2 20.0 27.200 1 34.540 1
2 31.0 25.190 1 34.630 1
2 51.0 24.790 1 35.200 1
2 77.0 24.710 1 35.390 1
2 102.0 23.430 1 35.390 1
2 128.0 21.850 1 35.220 1
2 154.0 20.210 1 35.400 1
2 205.0 16.110 1 34.900 1
2 266.0 13.360 1 34.720 1
2 307.0 10.170 1 34.670 1
2 420.0 9.230 1 34.650 1
2 533.0 8.170 1 34.590 1
2 648.0 6.790 1 34.550 1
2 762.0 5.940 1 34.530 1
2 885.0 5.350 1 34.620 1
2 1096.0 4.460 1 34.620 1
2 1315.0 3.350 1 34.620 1
2 1557.0 2.950 1 34.630 1
2 2094.0 2.090 1 34.660 1
2 2201.0 1.880 1 34.650 1
2 2603.0 1.660 1 34.680 1
2 3098.0 1.700 1 34.700 1
2 3636.0 1.550 1 34.700 1
2 4098.0 1.650 1 34.710 1
2 4185.0 1.650 1 34.710 1
1 1966020304 1.267 135.017 7 1 1
2 0.0 27.570 1 34.520 1
2 20.0 27.330 1 34.540 1
2 40.0 25.380 1 35.010 1
2 60.0 25.160 1 35.310 1
2 80.0 23.100 1 35.440 1
2 100.0 22.310 1 35.210 1
2 121.0 21.810 1 35.410 1
2 141.0 18.650 1 35.190 1
2 161.0 18.400 1 35.220 1
2 181.0 18.130 1 35.330 1
2 201.0 16.280 1 35.360 1
2 224.0 15.490 1 35.120 1
2 246.0 14.280 1 35.080 1
2 292.0 11.020 1 34.710 1
2 393.0 9.560 1 34.700 1
2 494.0 8.770 1 34.660 1
2 591.0 7.610 1 34.630 1
2 689.0 6.360 1 34.590 1
2 787.0 5.840 1 0.000 0
2 978.0 5.050 1 34.560 1
2 1163.0 4.240 1 34.600 1
2 1442.0 3.190 1 34.640 1
2 1946.0 2.260 1 34.650 1
2 2437.0 1.730 1 34.730 1
2 2928.0 1.710 1 34.810 1
2 3422.0 1.540 1 34.830 1
2 3915.0 1.540 1 34.730 1
1 1966020509 3.167 130.767 7 1 1
2 0.0 27.750 1 34.500 1
2 10.0 27.260 1 34.510 1
2 20.0 26.990 1 34.510 1
2 30.0 26.470 1 34.500 1
2 51.0 24.320 1 34.520 1
2 78.0 23.970 1 34.750 1
2 104.0 22.470 1 35.460 1
2 131.0 20.180 1 35.390 1
2 158.0 18.910 1 35.400 1
2 211.0 16.000 1 35.120 1
2 264.0 12.370 1 34.960 1
2 318.0 11.210 1 34.840 1
2 424.0 9.090 1 34.700 1
2 529.0 8.330 1 34.610 1
2 637.0 6.700 1 34.520 1
2 744.0 5.920 1 34.540 1
2 860.0 5.280 1 34.540 1
2 1057.0 4.780 1 34.570 1
2 1287.0 3.660 1 34.600 1
2 1562.0 2.970 1 34.620 1
2 2093.0 2.000 1 34.640 1
1 1966020601 4.017 130.050 7 1 1
2 0.0 27.420 1 34.540 1
2 10.0 27.380 1 34.540 1
2 20.0 27.220 1 34.490 1
2 30.0 27.030 1 34.520 1
2 51.0 26.090 1 34.570 1
2 76.0 22.060 1 34.650 1
2 101.0 20.650 1 35.280 1
2 126.0 19.950 1 35.430 1
2 202.0 15.970 1 35.160 1
2 253.0 13.300 1 34.900 1
2 303.0 11.500 1 34.790 1
2 426.0 9.450 1 34.670 1
2 550.0 7.940 1 34.580 1
2 748.0 5.830 1 34.550 1
2 889.0 5.080 1 34.520 1
2 1030.0 4.590 1 34.570 1
2 1330.0 0.000 9 34.600 1
2 1612.0 2.730 1 34.610 1
2 2078.0 2.130 1 34.640 1
2 2664.0 1.670 1 34.670 1
1 1966020608 5.067 130.050 7 1 1
2 0.0 27.200 1 34.300 1
2 10.0 27.210 1 34.310 1
2 20.0 27.210 1 34.300 1
2 31.0 27.210 1 34.290 1
2 51.0 25.180 1 34.840 1
2 77.0 21.440 1 34.860 1
2 103.0 18.270 1 34.740 1
2 129.0 14.520 1 34.560 1
2 155.0 13.600 1 34.570 1
2 208.0 11.860 1 34.610 1
2 260.0 10.920 1 34.860 1
2 312.0 10.680 1 34.830 1
2 432.0 8.770 1 34.680 1
2 551.0 7.310 1 34.510 1
2 901.0 4.870 1 34.580 1
2 1080.0 3.970 1 34.590 1
2 1428.0 2.900 1 34.630 1
1 1966020615 6.000 130.067 7 1 1
2 0.0 27.390 1 34.170 1
2 10.0 27.410 1 34.150 1
2 20.0 27.290 1 34.180 1
2 30.0 27.240 1 34.170 1
2 52.0 27.170 1 34.200 1
2 79.0 22.160 1 34.830 1
2 106.0 19.130 1 34.690 1
2 134.0 16.680 1 34.710 1
2 161.0 14.230 1 34.600 1
2 216.0 11.260 1 34.540 1
2 270.0 8.870 1 34.390 1
2 325.0 0.000 9 34.570 1
2 435.0 7.140 1 34.550 1
2 544.0 6.600 1 34.520 1
2 665.0 6.050 1 34.510 1
2 765.0 5.500 1 34.540 1
2 883.0 4.960 1 34.560 1
2 1104.0 3.880 1 34.600 1
2 1383.0 3.300 1 34.620 1
2 1695.0 2.620 1 34.640 1
2 2242.0 1.980 1 34.660 1
1 1966022604 1.167 139.167 1 1 0
2 0.0 30.000 1 999.999 9
2 5.0 29.800 1 999.999 9
2 10.0 29.600 1 999.999 9
2 15.0 29.700 1 999.999 9
2 20.0 29.700 1 999.999 9
2 25.0 29.700 1 999.999 9
2 30.0 29.700 1 999.999 9
2 35.0 29.700 1 999.999 9
2 40.0 29.400 1 999.999 9
2 45.0 28.600 1 999.999 9
2 50.0 27.700 1 999.999 9
2 55.0 26.900 1 999.999 9
2 60.0 26.400 1 999.999 9
2 65.0 26.100 1 999.999 9
2 70.0 25.900 1 999.999 9
2 75.0 25.900 1 999.999 9
2 80.0 25.800 1 999.999 9
1 1966022606 1.167 139.167 1 1 0
2 0.0 29.800 1 999.999 9
2 5.0 29.700 1 999.999 9
2 10.0 29.400 1 999.999 9
2 15.0 29.400 1 999.999 9
2 20.0 29.400 1 999.999 9
2 25.0 29.400 1 999.999 9
2 30.0 29.500 1 999.999 9
2 35.0 29.200 1 999.999 9
2 40.0 28.100 1 999.999 9
2 45.0 27.100 1 999.999 9
2 50.0 26.400 1 999.999 9
2 55.0 26.300 1 999.999 9
2 60.0 26.300 1 999.999 9
2 65.0 26.200 1 999.999 9
2 70.0 26.000 1 999.999 9
2 75.0 25.800 1 999.999 9
2 80.0 25.700 1 999.999 9
1 1966022608 1.417 138.667 1 1 0
2 0.0 29.000 1 999.999 9
2 5.0 28.800 1 999.999 9
2 10.0 28.600 1 999.999 9
2 15.0 28.600 1 999.999 9
2 20.0 28.600 1 999.999 9
2 25.0 28.600 1 999.999 9
2 30.0 28.400 1 999.999 9
2 35.0 27.600 1 999.999 9
2 40.0 27.000 1 999.999 9
2 45.0 26.700 1 999.999 9
2 50.0 26.200 1 999.999 9
2 55.0 25.900 1 999.999 9
2 60.0 25.600 1 999.999 9
2 65.0 25.300 1 999.999 9
2 70.0 25.000 1 999.999 9
2 75.0 25.000 1 999.999 9
2 80.0 24.800 1 999.999 9
1 1966022610 1.750 137.817 1 1 0
2 0.0 28.900 1 999.999 9
2 5.0 28.900 1 999.999 9
2 10.0 28.600 1 999.999 9
2 15.0 28.600 1 999.999 9
2 20.0 28.500 1 999.999 9
2 25.0 28.100 1 999.999 9
2 30.0 27.600 1 999.999 9
2 35.0 27.200 1 999.999 9
2 40.0 26.800 1 999.999 9
2 45.0 26.400 1 999.999 9
2 50.0 26.200 1 999.999 9
2 55.0 25.900 1 999.999 9
2 60.0 25.400 1 999.999 9
2 65.0 25.200 1 999.999 9
2 70.0 25.000 1 999.999 9
2 75.0 24.900 1 999.999 9
2 80.0 24.400 1 999.999 9
1 1966022612 2.000 137.317 1 1 0
2 0.0 29.200 1 999.999 9
2 5.0 29.200 1 999.999 9
2 10.0 29.200 1 999.999 9
2 15.0 29.200 1 999.999 9
2 20.0 29.000 1 999.999 9
2 25.0 28.500 1 999.999 9
2 30.0 27.800 1 999.999 9
2 35.0 27.100 1 999.999 9
2 40.0 26.800 1 999.999 9
2 45.0 26.600 1 999.999 9
2 50.0 26.400 1 999.999 9
2 55.0 26.400 1 999.999 9
2 60.0 26.000 1 999.999 9
2 65.0 25.800 1 999.999 9
2 70.0 25.600 1 999.999 9
2 75.0 25.300 1 999.999 9
2 80.0 25.100 1 999.999 9
1 1966022613 2.167 137.000 1 1 0
2 0.0 29.100 1 999.999 9
2 5.0 29.100 1 999.999 9
2 10.0 29.100 1 999.999 9
2 15.0 29.000 1 999.999 9
2 20.0 28.400 1 999.999 9
2 25.0 27.000 1 999.999 9
2 30.0 26.300 1 999.999 9
2 35.0 26.300 1 999.999 9
2 40.0 26.100 1 999.999 9
2 45.0 25.800 1 999.999 9
2 50.0 25.600 1 999.999 9
2 55.0 25.300 1 999.999 9
2 60.0 25.200 1 999.999 9
2 65.0 25.100 1 999.999 9
2 70.0 24.800 1 999.999 9
2 75.0 24.600 1 999.999 9
2 80.0 24.300 1 999.999 9
1 1966022615 2.500 136.500 1 1 0
2 0.0 29.100 1 999.999 9
2 5.0 29.100 1 999.999 9
2 10.0 29.100 1 999.999 9
2 15.0 29.100 1 999.999 9
2 20.0 28.800 1 999.999 9
2 25.0 27.900 1 999.999 9
2 30.0 26.900 1 999.999 9
2 35.0 26.600 1 999.999 9
2 40.0 26.400 1 999.999 9
2 45.0 26.300 1 999.999 9
2 50.0 26.100 1 999.999 9
2 55.0 25.900 1 999.999 9
2 60.0 25.800 1 999.999 9
2 65.0 25.700 1 999.999 9
2 70.0 25.600 1 999.999 9
2 75.0 25.600 1 999.999 9
2 80.0 25.500 1 999.999 9
1 1966022618 2.500 136.167 1 1 0
2 0.0 29.100 1 999.999 9
2 5.0 28.900 1 999.999 9
2 10.0 28.900 1 999.999 9
2 15.0 28.200 1 999.999 9
2 20.0 27.200 1 999.999 9
2 25.0 26.900 1 999.999 9
2 30.0 26.800 1 999.999 9
2 35.0 26.700 1 999.999 9
2 40.0 26.100 1 999.999 9
2 45.0 25.900 1 999.999 9
2 50.0 25.900 1 999.999 9
2 55.0 25.800 1 999.999 9
2 60.0 25.800 1 999.999 9
2 65.0 25.400 1 999.999 9
2 70.0 25.300 1 999.999 9
2 75.0 25.300 1 999.999 9
1 1966022703 3.417 133.750 1 1 0
2 0.0 28.100 1 999.999 9
2 5.0 28.100 1 999.999 9
2 10.0 28.100 1 999.999 9
2 15.0 27.800 1 999.999 9
2 20.0 27.600 1 999.999 9
2 25.0 26.900 1 999.999 9
2 30.0 26.600 1 999.999 9
2 35.0 26.400 1 999.999 9
2 40.0 26.300 1 999.999 9
2 45.0 26.000 1 999.999 9
2 50.0 25.600 1 999.999 9
2 55.0 25.400 1 999.999 9
2 60.0 25.100 1 999.999 9
2 65.0 24.500 1 999.999 9
2 70.0 23.900 1 999.999 9
2 75.0 23.600 1 999.999 9
2 80.0 23.400 1 999.999 9
2 85.0 23.200 1 999.999 9
2 90.0 22.900 1 999.999 9
2 95.0 23.100 1 999.999 9
2 100.0 23.400 1 999.999 9
2 105.0 23.400 1 999.999 9
2 110.0 23.400 1 999.999 9
2 115.0 23.400 1 999.999 9
2 120.0 23.300 1 999.999 9
2 125.0 23.300 1 999.999 9
2 130.0 22.900 1 999.999 9
1 1966022705 3.667 133.217 1 1 0
2 0.0 28.800 1 999.999 9
2 5.0 28.300 1 999.999 9
2 10.0 28.100 1 999.999 9
2 15.0 28.100 1 999.999 9
2 20.0 27.700 1 999.999 9
2 25.0 27.400 1 999.999 9
2 30.0 26.700 1 999.999 9
2 35.0 26.300 1 999.999 9
2 40.0 25.800 1 999.999 9
2 45.0 24.800 1 999.999 9
2 50.0 24.600 1 999.999 9
2 55.0 24.400 1 999.999 9
2 60.0 24.200 1 999.999 9
2 65.0 24.000 1 999.999 9
2 70.0 23.700 1 999.999 9
2 75.0 23.400 1 999.999 9
2 80.0 23.700 1 999.999 9
2 85.0 23.700 1 999.999 9
2 90.0 23.400 1 999.999 9
2 95.0 23.600 1 999.999 9
2 100.0 23.600 1 999.999 9
2 105.0 23.400 1 999.999 9
2 110.0 23.100 1 999.999 9
2 115.0 22.900 1 999.999 9
2 120.0 22.800 1 999.999 9
2 125.0 22.700 1 999.999 9
1 1966022707 3.833 132.867 1 1 0
2 0.0 28.800 1 999.999 9
2 5.0 28.300 1 999.999 9
2 10.0 27.800 1 999.999 9
2 15.0 27.700 1 999.999 9
2 20.0 27.600 1 999.999 9
2 25.0 27.400 1 999.999 9
2 30.0 26.700 1 999.999 9
2 35.0 26.100 1 999.999 9
2 40.0 26.000 1 999.999 9
2 45.0 25.700 1 999.999 9
2 50.0 25.100 1 999.999 9
2 55.0 24.900 1 999.999 9
2 60.0 24.500 1 999.999 9
2 65.0 24.100 1 999.999 9
2 70.0 23.800 1 999.999 9
2 75.0 23.800 1 999.999 9
2 80.0 23.800 1 999.999 9
2 85.0 23.700 1 999.999 9
2 90.0 23.600 1 999.999 9
2 95.0 23.400 1 999.999 9
2 100.0 23.300 1 999.999 9
2 105.0 23.500 1 999.999 9
2 110.0 23.300 1 999.999 9
2 115.0 23.200 1 999.999 9
2 120.0 23.000 1 999.999 9
1 1966022709 4.000 132.367 1 1 0
2 0.0 28.100 1 999.999 9
2 5.0 27.600 1 999.999 9
2 10.0 27.300 1 999.999 9
2 15.0 27.300 1 999.999 9
2 20.0 27.200 1 999.999 9
2 25.0 26.900 1 999.999 9
2 30.0 26.400 1 999.999 9
2 35.0 25.700 1 999.999 9
2 40.0 25.000 1 999.999 9
2 45.0 24.900 1 999.999 9
2 50.0 24.900 1 999.999 9
2 55.0 24.800 1 999.999 9
2 60.0 24.600 1 999.999 9
2 65.0 24.500 1 999.999 9
2 70.0 24.400 1 999.999 9
2 75.0 24.100 1 999.999 9
2 80.0 23.800 1 999.999 9
2 85.0 23.600 1 999.999 9
2 90.0 23.600 1 999.999 9
2 95.0 23.500 1 999.999 9
2 100.0 23.400 1 999.999 9
2 105.0 23.300 1 999.999 9
2 110.0 23.200 1 999.999 9
2 115.0 23.000 1 999.999 9
2 120.0 22.300 1 999.999 9
1 1966022711 4.250 131.917 1 1 0
2 0.0 28.100 1 999.999 9
2 5.0 27.800 1 999.999 9
2 10.0 27.600 1 999.999 9
2 15.0 27.500 1 999.999 9
2 20.0 27.400 1 999.999 9
2 25.0 27.400 1 999.999 9
2 30.0 27.300 1 999.999 9
2 35.0 27.200 1 999.999 9
2 40.0 26.400 1 999.999 9
2 45.0 25.600 1 999.999 9
2 50.0 25.200 1 999.999 9
2 55.0 25.100 1 999.999 9
2 60.0 24.900 1 999.999 9
2 65.0 24.800 1 999.999 9
2 70.0 24.600 1 999.999 9
2 75.0 24.200 1 999.999 9
2 80.0 23.900 1 999.999 9
2 85.0 23.800 1 999.999 9
2 90.0 23.700 1 999.999 9
2 95.0 23.700 1 999.999 9
2 100.0 23.500 1 999.999 9
2 105.0 23.300 1 999.999 9
2 110.0 23.200 1 999.999 9
2 115.0 22.200 1 999.999 9
2 120.0 21.700 1 999.999 9
1 1966022713 4.433 131.417 1 1 0
2 0.0 28.100 1 999.999 9
2 5.0 28.000 1 999.999 9
2 10.0 27.700 1 999.999 9
2 15.0 27.600 1 999.999 9
2 20.0 27.600 1 999.999 9
2 25.0 27.500 1 999.999 9
2 30.0 27.500 1 999.999 9
2 35.0 27.500 1 999.999 9
2 40.0 27.500 1 999.999 9
2 45.0 27.400 1 999.999 9
2 50.0 27.300 1 999.999 9
2 55.0 26.700 1 999.999 9
2 60.0 25.300 1 999.999 9
2 65.0 24.100 1 999.999 9
2 70.0 23.900 1 999.999 9
2 75.0 23.800 1 999.999 9
2 80.0 23.900 1 999.999 9
2 85.0 23.800 1 999.999 9
2 90.0 23.800 1 999.999 9
2 95.0 23.700 1 999.999 9
2 100.0 23.200 1 999.999 9
2 105.0 22.500 1 999.999 9
2 110.0 22.400 1 999.999 9
2 115.0 22.400 1 999.999 9
2 120.0 22.300 1 999.999 9
1 1966022715 4.617 130.883 1 1 0
2 0.0 28.000 1 999.999 9
2 5.0 28.000 1 999.999 9
2 10.0 27.900 1 999.999 9
2 15.0 27.900 1 999.999 9
2 20.0 27.900 1 999.999 9
2 25.0 27.900 1 999.999 9
2 30.0 27.900 1 999.999 9
2 35.0 27.800 1 999.999 9
2 40.0 27.700 1 999.999 9
2 45.0 27.300 1 999.999 9
2 50.0 26.700 1 999.999 9
2 55.0 26.200 1 999.999 9
2 60.0 24.500 1 999.999 9
2 65.0 23.800 1 999.999 9
2 70.0 23.600 1 999.999 9
2 75.0 23.400 1 999.999 9
2 80.0 22.700 1 999.999 9
2 85.0 21.800 1 999.999 9
2 90.0 21.500 1 999.999 9
2 95.0 21.300 1 999.999 9
2 100.0 21.100 1 999.999 9
2 105.0 20.300 1 999.999 9
2 110.0 20.000 1 999.999 9
2 115.0 19.800 1 999.999 9
2 120.0 19.700 1 999.999 9
1 1966022717 4.817 130.367 1 1 0
2 0.0 27.900 1 999.999 9
2 5.0 27.800 1 999.999 9
2 10.0 27.800 1 999.999 9
2 15.0 27.800 1 999.999 9
2 20.0 27.800 1 999.999 9
2 25.0 27.800 1 999.999 9
2 30.0 27.700 1 999.999 9
2 35.0 27.700 1 999.999 9
2 40.0 27.100 1 999.999 9
2 45.0 25.800 1 999.999 9
2 50.0 24.300 1 999.999 9
2 55.0 23.600 1 999.999 9
2 60.0 23.100 1 999.999 9
2 65.0 22.600 1 999.999 9
2 70.0 22.000 1 999.999 9
2 75.0 21.000 1 999.999 9
2 80.0 20.500 1 999.999 9
2 85.0 20.300 1 999.999 9
2 90.0 20.200 1 999.999 9
2 95.0 19.900 1 999.999 9
2 100.0 19.700 1 999.999 9
2 105.0 19.500 1 999.999 9
2 110.0 19.400 1 999.999 9
2 115.0 19.300 1 999.999 9
2 120.0 19.200 1 999.999 9
1 1966030919 3.217 130.367 7 1 1
2 0.0 27.640 1 34.440 1
2 10.0 27.630 1 34.430 1
2 19.0 27.440 1 34.440 1
2 29.0 27.260 1 34.420 1
2 52.0 25.600 1 34.440 1
2 81.0 24.040 1 34.970 1
2 110.0 22.130 1 35.170 1
2 139.0 21.120 1 35.380 1
2 168.0 19.720 1 35.370 1
2 232.0 16.340 1 35.250 1
2 297.0 12.520 1 34.930 1
2 362.0 10.850 1 34.790 1
2 488.0 8.770 1 34.660 1
2 632.0 6.660 1 34.510 1
2 862.0 5.980 1 34.520 1
2 980.0 5.330 1 34.530 1
2 1098.0 4.900 1 34.550 1
2 1322.0 3.450 1 34.580 1
2 1672.0 2.580 1 34.590 1
2 1753.0 2.350 1 34.610 1
2 2096.0 2.040 1 0.000 0
2 2264.0 1.890 1 34.650 1
2 2775.0 1.610 1 34.650 1
2 3283.0 1.600 1 34.680 1
2 3790.0 1.550 1 34.690 1
1 1966031108 2.317 130.317 7 1 1
2 0.0 27.990 1 34.540 1
2 10.0 28.050 1 34.520 1
2 20.0 27.960 1 34.490 1
2 29.0 27.630 1 34.510 1
2 49.0 26.120 1 34.510 1
2 75.0 24.580 1 34.510 1
2 101.0 22.490 1 35.110 1
2 127.0 21.440 1 35.270 1
2 156.0 20.300 1 35.430 1
2 212.0 15.680 1 35.180 1
2 267.0 13.110 1 34.990 1
2 323.0 11.490 1 34.770 1
2 441.0 9.320 1 34.730 1
2 558.0 8.080 1 34.620 1
2 674.0 6.470 1 34.540 1
2 787.0 5.710 1 34.560 1
2 900.0 5.180 1 34.560 1
2 1071.0 4.810 1 34.570 1
2 1250.0 3.910 1 34.590 1
2 1536.0 2.990 1 34.620 1
2 2033.0 2.070 1 34.650 1
2 2489.0 1.750 1 34.670 1
2 3131.0 1.580 1 34.680 1
1 1966031120 1.417 130.217 7 1 1
2 0.0 27.800 1 34.480 1
2 9.0 27.750 1 34.470 1
2 18.0 27.650 1 34.450 1
2 28.0 27.430 1 34.480 1
2 46.0 26.760 1 34.500 1
2 71.0 25.540 1 34.600 1
2 95.0 24.000 1 35.220 1
2 118.0 23.010 1 35.070 1
2 140.0 20.620 1 35.300 1
2 186.0 18.090 1 35.330 1
2 231.0 15.570 1 35.110 1
2 284.0 13.220 1 34.980 1
2 370.0 9.860 1 34.700 1
2 465.0 8.530 1 34.640 1
2 560.0 7.930 1 34.600 1
2 655.0 6.330 1 34.560 1
2 750.0 5.760 1 34.540 1
2 932.0 4.800 1 34.560 1
2 1101.0 4.420 1 34.570 1
2 1350.0 3.570 1 34.590 1
2 1857.0 2.320 1 34.610 1
2 2333.0 1.870 1 34.690 1
1 1966033021 0.000 132.500 7 1 1
2 0.0 28.400 1 34.370 1
2 10.0 28.340 1 34.340 1
2 21.0 27.680 1 34.480 1
2 31.0 26.640 1 34.640 1
2 52.0 25.500 1 34.940 1
2 81.0 24.320 1 35.000 1
2 109.0 23.060 1 35.100 1
2 137.0 22.160 1 35.280 1
2 165.0 21.550 1 35.310 1
2 221.0 17.960 1 35.370 1
2 263.0 14.420 1 35.130 1
2 333.0 12.400 1 35.010 1
2 457.0 8.560 1 34.690 1
2 574.0 7.440 1 34.600 1
2 701.0 6.290 1 34.550 1
2 829.0 5.450 1 34.550 1
2 956.0 4.760 1 34.560 1
2 1184.0 4.050 1 34.580 1
2 1364.0 3.400 1 34.590 1
2 1792.0 2.480 1 34.630 1
2 2088.0 2.080 1 34.650 1
2 2439.0 1.850 1 34.670 1
2 2700.0 1.660 1 34.680 1
2 3266.0 1.560 1 34.690 1
2 3797.0 1.580 1 34.700 1
2 4260.0 1.680 1 34.710 1
2 4663.0 1.660 1 34.710 1
2 4833.0 1.680 1 34.710 1
1 1966033114 1.967 132.350 7 1 1
2 0.0 29.220 1 34.520 1
2 9.0 28.980 1 34.490 1
2 17.0 28.820 1 34.500 1
2 25.0 28.740 1 34.600 1
2 41.0 26.330 1 35.020 1
2 61.0 24.180 1 34.700 1
2 81.0 23.640 1 35.170 1
2 101.0 21.960 1 35.210 1
2 119.0 21.260 1 35.260 1
2 156.0 18.600 1 35.190 1
2 191.0 15.580 1 34.910 1
2 252.0 13.830 1 34.880 1
2 320.0 10.200 1 34.740 1
2 423.0 8.980 1 34.680 1
2 504.0 8.120 1 34.630 1
2 574.0 7.280 1 34.610 1
2 677.0 6.620 1 34.570 1
2 974.0 5.040 1 34.530 1
2 1257.0 3.760 1 34.590 1
2 1744.0 2.420 1 34.630 1
2 2126.0 2.020 1 34.640 1
2 2469.0 1.700 1 34.680 1
1 1966040104 0.917 132.467 7 1 1
2 0.0 28.840 1 34.580 1
2 10.0 28.830 1 34.570 1
2 20.0 28.820 1 34.550 1
2 30.0 28.450 1 34.650 1
2 53.0 25.810 1 35.020 1
2 79.0 25.100 1 34.900 1
2 106.0 23.400 1 34.900 1
2 132.0 22.740 1 35.180 1
2 159.0 21.070 1 35.230 1
2 218.0 17.000 1 35.360 1
2 271.0 13.780 1 35.070 1
2 324.0 12.030 1 34.940 1
2 430.0 9.350 1 34.690 1
2 536.0 7.640 1 34.600 1
2 640.0 6.380 1 34.550 1
2 726.0 5.940 1 34.550 1
2 848.0 5.430 1 34.550 1
2 1032.0 4.620 1 34.560 1
2 1159.0 3.800 1 34.580 1
2 1539.0 2.850 1 34.930 1
2 2174.0 2.020 1 34.650 1
2 2734.0 1.730 1 34.680 1
2 3002.0 1.580 1 34.680 1
1 1966040211 0.467 135.167 7 1 1
2 0.0 28.860 1 34.350 1
2 9.0 28.580 1 34.360 1
2 19.0 28.620 1 34.380 1
2 28.0 28.610 1 34.430 1
2 47.0 27.060 1 34.620 1
2 73.0 25.650 1 35.040 1
2 98.0 24.510 1 35.120 1
2 124.0 23.300 1 35.220 1
2 149.0 21.920 1 35.310 1
2 200.0 18.060 1 35.420 1
2 250.0 15.060 1 35.120 1
2 300.0 11.590 1 34.730 1
2 411.0 9.520 1 34.700 1
2 522.0 8.050 1 34.620 1
2 633.0 6.880 1 34.570 1
2 746.0 6.160 1 34.530 1
2 859.0 5.500 1 34.560 1
2 1084.0 4.380 1 34.580 1
2 1318.0 3.480 1 34.600 1
2 1669.0 2.640 1 34.630 1
2 2218.0 2.040 1 34.650 1
2 2223.0 1.990 1 34.650 1
2 2700.0 1.660 1 34.660 1
2 3174.0 1.560 1 34.670 1
2 3643.0 1.620 1 34.690 1
2 4128.0 1.530 1 34.740 1
1 1966040301 0.000 135.167 7 1 1
2 0.0 28.340 1 34.300 1
2 10.0 28.320 1 34.320 1
2 19.0 28.380 1 34.350 1
2 29.0 28.220 1 34.430 1
2 47.0 27.920 1 34.510 1
2 71.0 27.280 1 35.110 1
2 94.0 25.520 1 35.250 1
2 118.0 23.650 1 35.200 1
2 142.0 22.780 1 35.200 1
2 188.0 0.000 9 35.220 1
2 240.0 21.310 1 35.240 1
2 284.0 18.380 1 35.510 1
2 312.0 12.260 1 34.800 1
2 340.0 9.920 1 34.650 1
2 427.0 8.790 1 34.620 1
2 513.0 7.850 1 0.000 0
2 599.0 6.600 1 34.580 1
2 772.0 5.620 1 34.570 1
2 923.0 4.930 1 34.570 1
2 1156.0 3.880 1 34.600 1
2 1497.0 3.040 1 34.650 1
2 1528.0 2.890 1 34.620 1
2 2062.0 2.180 1 34.660 1
2 2615.0 1.690 1 34.670 1
2 3150.0 1.540 1 34.670 1
2 3623.0 1.510 1 34.680 1
2 4116.0 1.620 1 34.680 1
2 4316.0 1.560 1 0.000 0
1 1966040413 1.517 138.550 1 1 0
2 0.0 29.500 1 999.999 9
2 5.0 29.500 1 999.999 9
2 10.0 29.600 1 999.999 9
2 15.0 29.600 1 999.999 9
2 20.0 29.600 1 999.999 9
2 25.0 29.400 1 999.999 9
2 30.0 29.300 1 999.999 9
2 35.0 28.900 1 999.999 9
2 40.0 28.800 1 999.999 9
2 45.0 28.600 1 999.999 9
2 50.0 28.100 1 999.999 9
2 55.0 27.500 1 999.999 9
2 60.0 27.100 1 999.999 9
2 65.0 26.900 1 999.999 9
2 70.0 26.800 1 999.999 9
2 75.0 26.500 1 999.999 9
2 80.0 26.200 1 999.999 9
2 85.0 25.900 1 999.999 9
2 90.0 25.700 1 999.999 9
1 1966040415 1.867 137.967 1 1 0
2 0.0 29.700 1 999.999 9
2 5.0 29.700 1 999.999 9
2 10.0 29.700 1 999.999 9
2 15.0 29.700 1 999.999 9
2 20.0 29.700 1 999.999 9
2 25.0 29.700 1 999.999 9
2 30.0 29.700 1 999.999 9
2 35.0 29.500 1 999.999 9
2 40.0 29.300 1 999.999 9
2 45.0 29.100 1 999.999 9
2 50.0 28.900 1 999.999 9
2 55.0 28.600 1 999.999 9
2 60.0 28.300 1 999.999 9
2 65.0 27.600 1 999.999 9
2 70.0 26.800 1 999.999 9
2 75.0 26.500 1 999.999 9
2 80.0 26.400 1 999.999 9
2 85.0 26.400 1 999.999 9
2 90.0 26.100 1 999.999 9
1 1966040417 2.283 137.317 1 1 0
2 0.0 29.700 1 999.999 9
2 5.0 29.700 1 999.999 9
2 10.0 29.700 1 999.999 9
2 15.0 29.700 1 999.999 9
2 20.0 29.700 1 999.999 9
2 25.0 29.700 1 999.999 9
2 30.0 29.600 1 999.999 9
2 35.0 29.600 1 999.999 9
2 40.0 29.300 1 999.999 9
2 45.0 28.900 1 999.999 9
2 50.0 28.700 1 999.999 9
2 55.0 28.600 1 999.999 9
2 60.0 27.900 1 999.999 9
2 65.0 27.100 1 999.999 9
2 70.0 26.900 1 999.999 9
2 75.0 26.700 1 999.999 9
2 80.0 26.500 1 999.999 9
2 85.0 26.100 1 999.999 9
2 90.0 25.800 1 999.999 9
1 1966040422 1.967 136.417 1 1 0
2 0.0 29.100 1 999.999 9
2 5.0 29.100 1 999.999 9
2 10.0 29.000 1 999.999 9
2 15.0 28.900 1 999.999 9
2 20.0 28.900 1 999.999 9
2 25.0 28.900 1 999.999 9
2 30.0 28.900 1 999.999 9
2 35.0 28.700 1 999.999 9
2 40.0 28.300 1 999.999 9
2 45.0 28.000 1 999.999 9
2 50.0 27.800 1 999.999 9
2 55.0 27.300 1 999.999 9
2 60.0 26.800 1 999.999 9
2 65.0 26.400 1 999.999 9
2 70.0 26.300 1 999.999 9
2 75.0 26.100 1 999.999 9
2 80.0 26.000 1 999.999 9
2 85.0 25.900 1 999.999 9
2 90.0 25.300 1 999.999 9
1 1966040423 2.083 136.183 1 1 0
2 0.0 29.100 1 999.999 9
2 5.0 29.100 1 999.999 9
2 10.0 29.100 1 999.999 9
2 15.0 29.100 1 999.999 9
2 20.0 28.900 1 999.999 9
2 25.0 28.800 1 999.999 9
2 30.0 28.600 1 999.999 9
2 35.0 28.300 1 999.999 9
2 40.0 28.000 1 999.999 9
2 45.0 27.700 1 999.999 9
2 50.0 27.300 1 999.999 9
2 55.0 26.700 1 999.999 9
2 60.0 26.500 1 999.999 9
2 65.0 26.300 1 999.999 9
2 70.0 26.100 1 999.999 9
2 75.0 26.100 1 999.999 9
2 80.0 25.900 1 999.999 9
2 85.0 25.700 1 999.999 9
2 90.0 25.100 1 999.999 9
1 1966040500 2.083 135.967 1 1 0
2 0.0 29.600 1 999.999 9
2 5.0 29.600 1 999.999 9
2 10.0 29.600 1 999.999 9
2 15.0 29.500 1 999.999 9
2 20.0 29.500 1 999.999 9
2 25.0 29.500 1 999.999 9
2 30.0 29.300 1 999.999 9
2 35.0 29.200 1 999.999 9
2 40.0 29.000 1 999.999 9
2 45.0 28.600 1 999.999 9
2 50.0 28.100 1 999.999 9
2 55.0 27.600 1 999.999 9
2 60.0 27.100 1 999.999 9
2 65.0 26.800 1 999.999 9
2 70.0 26.600 1 999.999 9
2 75.0 26.500 1 999.999 9
2 80.0 26.400 1 999.999 9
2 85.0 25.900 1 999.999 9
2 90.0 25.300 1 999.999 9
1 1966040501 2.200 135.683 1 1 0
2 0.0 29.700 1 999.999 9
2 5.0 29.500 1 999.999 9
2 10.0 29.400 1 999.999 9
2 15.0 29.400 1 999.999 9
2 20.0 29.400 1 999.999 9
2 25.0 29.400 1 999.999 9
2 30.0 29.300 1 999.999 9
2 35.0 29.200 1 999.999 9
2 40.0 29.100 1 999.999 9
2 45.0 29.100 1 999.999 9
2 50.0 28.700 1 999.999 9
2 55.0 28.300 1 999.999 9
2 60.0 27.900 1 999.999 9
2 65.0 27.400 1 999.999 9
2 70.0 26.900 1 999.999 9
2 75.0 26.100 1 999.999 9
2 80.0 26.600 1 999.999 9
2 85.0 26.300 1 999.999 9
2 90.0 25.600 1 999.999 9
1 1966040502 2.283 135.467 1 1 0
2 0.0 29.700 1 999.999 9
2 5.0 29.600 1 999.999 9
2 10.0 29.600 1 999.999 9
2 15.0 29.400 1 999.999 9
2 20.0 29.400 1 999.999 9
2 25.0 29.400 1 999.999 9
2 30.0 29.400 1 999.999 9
2 35.0 29.200 1 999.999 9
2 40.0 29.200 1 999.999 9
2 45.0 28.800 1 999.999 9
2 50.0 28.500 1 999.999 9
2 55.0 28.300 1 999.999 9
2 60.0 27.900 1 999.999 9
2 65.0 27.200 1 999.999 9
2 70.0 26.900 1 999.999 9
2 75.0 26.800 1 999.999 9
2 80.0 26.300 1 999.999 9
2 85.0 25.700 1 999.999 9
2 90.0 25.000 1 999.999 9
1 1966040503 2.450 135.217 1 1 0
2 0.0 29.600 1 999.999 9
2 5.0 29.600 1 999.999 9
2 10.0 29.500 1 999.999 9
2 15.0 29.400 1 999.999 9
2 20.0 29.300 1 999.999 9
2 25.0 29.300 1 999.999 9
2 30.0 29.200 1 999.999 9
2 35.0 29.200 1 999.999 9
2 40.0 28.900 1 999.999 9
2 45.0 28.600 1 999.999 9
2 50.0 28.000 1 999.999 9
2 55.0 27.600 1 999.999 9
2 60.0 26.900 1 999.999 9
2 65.0 26.900 1 999.999 9
2 70.0 26.800 1 999.999 9
2 75.0 26.400 1 999.999 9
2 80.0 25.800 1 999.999 9
2 85.0 25.200 1 999.999 9
2 90.0 24.700 1 999.999 9
1 1966040503 2.517 135.100 1 1 0
2 0.0 29.700 1 999.999 9
2 5.0 29.700 1 999.999 9
2 10.0 29.600 1 999.999 9
2 15.0 29.600 1 999.999 9
2 20.0 29.500 1 999.999 9
2 25.0 29.500 1 999.999 9
2 30.0 29.300 1 999.999 9
2 35.0 29.100 1 999.999 9
2 40.0 28.900 1 999.999 9
2 45.0 28.600 1 999.999 9
2 50.0 28.000 1 999.999 9
2 55.0 27.500 1 999.999 9
2 60.0 27.200 1 999.999 9
2 65.0 26.800 1 999.999 9
2 70.0 26.100 1 999.999 9
2 75.0 25.300 1 999.999 9
2 80.0 24.600 1 999.999 9
2 85.0 24.300 1 999.999 9
2 90.0 24.200 1 999.999 9
1 1966040504 0.467 137.417 7 1 1
2 0.0 28.940 1 34.250 1
2 9.0 28.920 1 34.220 1
2 19.0 28.900 1 34.230 1
2 30.0 28.580 1 34.250 1
2 51.0 27.310 1 34.740 1
2 76.0 26.020 1 35.000 1
2 102.0 24.560 1 35.170 1
2 127.0 23.530 1 35.530 1
2 152.0 22.240 1 35.340 1
2 212.0 17.840 1 35.400 1
2 271.0 13.080 1 35.020 1
2 330.0 10.490 1 34.750 1
2 451.0 9.000 1 34.670 1
2 563.0 7.390 1 34.600 1
2 660.0 6.190 1 34.570 1
2 790.0 5.670 1 34.560 1
2 903.0 5.160 1 34.550 1
2 1130.0 4.000 1 34.570 1
2 1347.0 3.480 1 34.590 1
2 1669.0 2.670 1 34.630 1
2 2172.0 2.090 1 34.660 1
2 2826.0 1.630 1 34.630 1
2 3376.0 1.540 1 34.660 1
2 3853.0 1.600 1 34.670 1
2 4158.0 1.540 1 34.680 1
1 1966040505 2.567 134.817 1 1 0
2 0.0 29.800 1 999.999 9
2 5.0 29.700 1 999.999 9
2 10.0 29.700 1 999.999 9
2 15.0 29.600 1 999.999 9
2 20.0 29.600 1 999.999 9
2 25.0 29.400 1 999.999 9
2 30.0 29.300 1 999.999 9
2 35.0 29.200 1 999.999 9
2 40.0 29.100 1 999.999 9
2 45.0 28.600 1 999.999 9
2 50.0 28.100 1 999.999 9
2 55.0 27.700 1 999.999 9
2 60.0 27.300 1 999.999 9
2 65.0 26.800 1 999.999 9
2 70.0 25.800 1 999.999 9
2 75.0 25.100 1 999.999 9
2 80.0 24.800 1 999.999 9
2 85.0 24.700 1 999.999 9
2 90.0 24.400 1 999.999 9
1 1966040506 2.667 134.600 1 1 0
2 0.0 29.700 1 999.999 9
2 5.0 29.600 1 999.999 9
2 10.0 29.600 1 999.999 9
2 15.0 29.400 1 999.999 9
2 20.0 29.400 1 999.999 9
2 25.0 29.200 1 999.999 9
2 30.0 29.100 1 999.999 9
2 35.0 29.000 1 999.999 9
2 40.0 28.800 1 999.999 9
2 45.0 28.300 1 999.999 9
2 50.0 27.700 1 999.999 9
2 55.0 27.300 1 999.999 9
2 60.0 27.100 1 999.999 9
2 65.0 26.600 1 999.999 9
2 70.0 25.700 1 999.999 9
2 75.0 25.100 1 999.999 9
2 80.0 24.800 1 999.999 9
2 85.0 24.400 1 999.999 9
2 90.0 24.300 1 999.999 9
1 1966040508 2.833 134.100 1 1 0
2 0.0 29.600 1 999.999 9
2 5.0 29.600 1 999.999 9
2 10.0 29.500 1 999.999 9
2 15.0 29.500 1 999.999 9
2 20.0 29.400 1 999.999 9
2 25.0 29.300 1 999.999 9
2 30.0 29.100 1 999.999 9
2 35.0 28.700 1 999.999 9
2 40.0 28.300 1 999.999 9
2 45.0 28.000 1 999.999 9
2 50.0 27.800 1 999.999 9
2 55.0 27.700 1 999.999 9
2 60.0 26.800 1 999.999 9
2 65.0 25.900 1 999.999 9
2 70.0 25.200 1 999.999 9
2 75.0 24.700 1 999.999 9
2 80.0 24.400 1 999.999 9
2 85.0 24.300 1 999.999 9
2 90.0 24.200 1 999.999 9
1 1966040514 3.267 132.917 1 1 0
2 0.0 28.800 1 999.999 9
2 5.0 28.800 1 999.999 9
2 10.0 28.800 1 999.999 9
2 15.0 28.800 1 999.999 9
2 20.0 28.800 1 999.999 9
2 25.0 28.800 1 999.999 9
2 30.0 28.600 1 999.999 9
2 35.0 28.500 1 999.999 9
2 40.0 28.200 1 999.999 9
2 45.0 27.800 1 999.999 9
2 50.0 26.900 1 999.999 9
2 55.0 26.300 1 999.999 9
2 60.0 25.200 1 999.999 9
2 65.0 24.600 1 999.999 9
2 70.0 24.100 1 999.999 9
2 75.0 23.900 1 999.999 9
2 80.0 23.700 1 999.999 9
2 85.0 23.600 1 999.999 9
2 90.0 23.600 1 999.999 9
1 1966040515 3.367 132.567 1 1 0
2 0.0 28.800 1 999.999 9
2 5.0 28.900 1 999.999 9
2 10.0 28.900 1 999.999 9
2 15.0 28.800 1 999.999 9
2 20.0 28.800 1 999.999 9
2 25.0 28.800 1 999.999 9
2 30.0 28.700 1 999.999 9
2 35.0 28.200 1 999.999 9
2 40.0 27.500 1 999.999 9
2 45.0 26.700 1 999.999 9
2 50.0 25.400 1 999.999 9
2 55.0 24.400 1 999.999 9
2 60.0 24.200 1 999.999 9
2 65.0 24.200 1 999.999 9
2 70.0 23.700 1 999.999 9
2 75.0 23.500 1 999.999 9
2 80.0 23.400 1 999.999 9
2 85.0 23.600 1 999.999 9
2 90.0 23.600 1 999.999 9
2 95.0 23.300 1 999.999 9
2 100.0 23.100 1 999.999 9
2 105.0 23.100 1 999.999 9
2 110.0 23.100 1 999.999 9
2 115.0 23.000 1 999.999 9
2 120.0 22.800 1 999.999 9
2 125.0 22.700 1 999.999 9
2 130.0 22.800 1 999.999 9
2 135.0 22.700 1 999.999 9
1 1966040516 3.500 132.350 1 1 0
2 0.0 29.400 1 999.999 9
2 5.0 29.300 1 999.999 9
2 10.0 29.300 1 999.999 9
2 15.0 29.300 1 999.999 9
2 20.0 29.300 1 999.999 9
2 25.0 29.300 1 999.999 9
2 30.0 29.100 1 999.999 9
2 35.0 28.800 1 999.999 9
2 40.0 27.900 1 999.999 9
2 45.0 27.000 1 999.999 9
2 50.0 25.500 1 999.999 9
2 55.0 25.300 1 999.999 9
2 60.0 25.200 1 999.999 9
2 65.0 24.400 1 999.999 9
2 70.0 24.000 1 999.999 9
2 75.0 23.900 1 999.999 9
2 80.0 23.900 1 999.999 9
2 85.0 23.900 1 999.999 9
2 90.0 23.800 1 999.999 9
2 95.0 23.700 1 999.999 9
2 100.0 23.600 1 999.999 9
2 105.0 23.400 1 999.999 9
2 110.0 23.200 1 999.999 9
2 115.0 23.200 1 999.999 9
2 120.0 23.200 1 999.999 9
2 125.0 23.200 1 999.999 9
2 130.0 23.200 1 999.999 9
2 135.0 23.100 1 999.999 9
1 1966040517 3.583 132.100 1 1 0
2 0.0 29.600 1 999.999 9
2 5.0 29.500 1 999.999 9
2 10.0 29.500 1 999.999 9
2 15.0 29.500 1 999.999 9
2 20.0 29.300 1 999.999 9
2 25.0 29.200 1 999.999 9
2 30.0 28.900 1 999.999 9
2 35.0 28.000 1 999.999 9
2 40.0 27.200 1 999.999 9
2 45.0 26.800 1 999.999 9
2 50.0 25.900 1 999.999 9
2 55.0 25.800 1 999.999 9
2 60.0 25.900 1 999.999 9
2 65.0 25.800 1 999.999 9
2 70.0 25.400 1 999.999 9
2 75.0 24.800 1 999.999 9
2 80.0 24.200 1 999.999 9
2 85.0 24.000 1 999.999 9
2 90.0 23.900 1 999.999 9
2 95.0 23.900 1 999.999 9
2 100.0 24.100 1 999.999 9
2 105.0 23.900 1 999.999 9
2 110.0 23.600 1 999.999 9
2 115.0 23.300 1 999.999 9
2 120.0 23.200 1 999.999 9
2 125.0 23.200 1 999.999 9
2 130.0 23.100 1 999.999 9
2 135.0 23.100 1 999.999 9
1 1966040518 3.700 131.767 1 1 0
2 0.0 29.400 1 999.999 9
2 5.0 29.400 1 999.999 9
2 10.0 29.400 1 999.999 9
2 15.0 29.400 1 999.999 9
2 20.0 29.300 1 999.999 9
2 25.0 27.900 1 999.999 9
2 30.0 26.800 1 999.999 9
2 35.0 26.600 1 999.999 9
2 40.0 26.400 1 999.999 9
2 45.0 26.200 1 999.999 9
2 50.0 25.900 1 999.999 9
2 55.0 25.800 1 999.999 9
2 60.0 25.600 1 999.999 9
2 65.0 25.200 1 999.999 9
2 70.0 24.400 1 999.999 9
2 75.0 24.200 1 999.999 9
2 80.0 23.900 1 999.999 9
2 85.0 23.900 1 999.999 9
2 90.0 24.100 1 999.999 9
2 95.0 24.000 1 999.999 9
2 100.0 23.700 1 999.999 9
2 105.0 23.500 1 999.999 9
2 110.0 23.300 1 999.999 9
2 115.0 23.300 1 999.999 9
2 120.0 23.100 1 999.999 9
2 125.0 23.100 1 999.999 9
2 130.0 23.000 1 999.999 9
2 135.0 23.000 1 999.999 9
1 1966040518 3.783 131.517 1 1 0
2 0.0 29.200 1 999.999 9
2 5.0 29.200 1 999.999 9
2 10.0 28.900 1 999.999 9
2 15.0 28.400 1 999.999 9
2 20.0 27.900 1 999.999 9
2 25.0 27.400 1 999.999 9
2 30.0 27.100 1 999.999 9
2 35.0 26.600 1 999.999 9
2 40.0 25.600 1 999.999 9
2 45.0 25.300 1 999.999 9
2 50.0 24.800 1 999.999 9
2 55.0 24.200 1 999.999 9
2 60.0 23.800 1 999.999 9
2 65.0 23.700 1 999.999 9
2 70.0 23.700 1 999.999 9
2 75.0 23.700 1 999.999 9
2 80.0 23.700 1 999.999 9
2 85.0 23.700 1 999.999 9
2 90.0 23.600 1 999.999 9
2 95.0 23.600 1 999.999 9
2 100.0 23.500 1 999.999 9
2 105.0 23.400 1 999.999 9
2 110.0 23.200 1 999.999 9
2 115.0 23.100 1 999.999 9
2 120.0 23.100 1 999.999 9
2 125.0 23.100 1 999.999 9
2 130.0 23.000 1 999.999 9
2 135.0 22.800 1 999.999 9
1 1966040520 3.917 131.100 1 1 0
2 0.0 29.100 1 999.999 9
2 5.0 29.000 1 999.999 9
2 10.0 29.000 1 999.999 9
2 15.0 28.900 1 999.999 9
2 20.0 28.600 1 999.999 9
2 25.0 28.500 1 999.999 9
2 30.0 28.300 1 999.999 9
2 35.0 28.100 1 999.999 9
2 40.0 27.800 1 999.999 9
2 45.0 27.500 1 999.999 9
2 50.0 27.100 1 999.999 9
2 55.0 26.600 1 999.999 9
2 60.0 26.100 1 999.999 9
2 65.0 25.300 1 999.999 9
2 70.0 24.600 1 999.999 9
2 75.0 24.100 1 999.999 9
2 80.0 23.700 1 999.999 9
2 85.0 23.600 1 999.999 9
2 90.0 23.200 1 999.999 9
2 95.0 23.100 1 999.999 9
2 100.0 23.100 1 999.999 9
2 105.0 23.100 1 999.999 9
2 110.0 22.900 1 999.999 9
2 115.0 22.500 1 999.999 9
2 120.0 22.200 1 999.999 9
2 125.0 22.100 1 999.999 9
2 130.0 22.100 1 999.999 9
2 135.0 22.000 1 999.999 9
1 1966040521 4.083 130.817 1 1 0
2 0.0 29.200 1 999.999 9
2 5.0 29.100 1 999.999 9
2 10.0 29.000 1 999.999 9
2 15.0 28.600 1 999.999 9
2 20.0 28.500 1 999.999 9
2 25.0 28.400 1 999.999 9
2 30.0 28.100 1 999.999 9
2 35.0 28.000 1 999.999 9
2 40.0 27.800 1 999.999 9
2 45.0 27.300 1 999.999 9
2 50.0 26.500 1 999.999 9
2 55.0 25.800 1 999.999 9
2 60.0 25.200 1 999.999 9
2 65.0 24.600 1 999.999 9
2 70.0 23.900 1 999.999 9
2 75.0 23.500 1 999.999 9
2 80.0 23.200 1 999.999 9
2 85.0 22.900 1 999.999 9
2 90.0 22.700 1 999.999 9
2 95.0 22.600 1 999.999 9
2 100.0 22.600 1 999.999 9
2 105.0 22.500 1 999.999 9
2 110.0 22.500 1 999.999 9
2 115.0 22.500 1 999.999 9
2 120.0 22.500 1 999.999 9
2 125.0 22.400 1 999.999 9
2 130.0 22.300 1 999.999 9
2 135.0 22.000 1 999.999 9
1 1966040522 4.217 130.617 1 1 0
2 0.0 29.400 1 999.999 9
2 5.0 29.400 1 999.999 9
2 10.0 29.400 1 999.999 9
2 15.0 29.400 1 999.999 9
2 20.0 29.400 1 999.999 9
2 25.0 29.400 1 999.999 9
2 30.0 29.300 1 999.999 9
2 35.0 28.900 1 999.999 9
2 40.0 28.600 1 999.999 9
2 45.0 28.300 1 999.999 9
2 50.0 27.800 1 999.999 9
2 55.0 26.800 1 999.999 9
2 60.0 26.000 1 999.999 9
2 65.0 25.700 1 999.999 9
2 70.0 25.300 1 999.999 9
2 75.0 25.100 1 999.999 9
2 80.0 24.900 1 999.999 9
2 85.0 24.300 1 999.999 9
2 90.0 24.200 1 999.999 9
2 95.0 24.100 1 999.999 9
2 100.0 23.600 1 999.999 9
2 105.0 23.400 1 999.999 9
2 110.0 23.300 1 999.999 9
2 115.0 22.900 1 999.999 9
2 120.0 22.600 1 999.999 9
2 125.0 22.500 1 999.999 9
2 130.0 22.300 1 999.999 9
2 135.0 22.200 1 999.999 9
1 1966040600 4.267 131.567 1 1 0
2 0.0 29.500 1 999.999 9
2 5.0 29.400 1 999.999 9
2 10.0 29.000 1 999.999 9
2 15.0 28.600 1 999.999 9
2 20.0 28.300 1 999.999 9
2 25.0 27.900 1 999.999 9
2 30.0 27.400 1 999.999 9
2 35.0 26.800 1 999.999 9
2 40.0 26.100 1 999.999 9
2 45.0 25.600 1 999.999 9
2 50.0 25.300 1 999.999 9
2 55.0 25.200 1 999.999 9
2 60.0 25.200 1 999.999 9
2 65.0 25.200 1 999.999 9
2 70.0 25.000 1 999.999 9
2 75.0 24.900 1 999.999 9
2 80.0 24.600 1 999.999 9
2 85.0 23.900 1 999.999 9
2 90.0 23.800 1 999.999 9
2 95.0 23.800 1 999.999 9
2 100.0 23.200 1 999.999 9
2 105.0 22.900 1 999.999 9
1 1966040600 4.317 130.633 1 1 0
2 0.0 28.200 1 999.999 9
2 5.0 28.100 1 999.999 9
2 10.0 28.100 1 999.999 9
2 15.0 28.100 1 999.999 9
2 20.0 28.100 1 999.999 9
2 25.0 27.900 1 999.999 9
2 30.0 27.200 1 999.999 9
2 35.0 26.600 1 999.999 9
2 40.0 25.800 1 999.999 9
2 45.0 25.600 1 999.999 9
2 50.0 25.000 1 999.999 9
2 55.0 24.900 1 999.999 9
2 60.0 24.800 1 999.999 9
2 65.0 24.800 1 999.999 9
2 70.0 24.700 1 999.999 9
2 75.0 24.700 1 999.999 9
2 80.0 24.600 1 999.999 9
2 85.0 24.300 1 999.999 9
2 90.0 23.600 1 999.999 9
2 95.0 23.400 1 999.999 9
2 100.0 22.900 1 999.999 9
2 105.0 22.600 1 999.999 9
2 110.0 22.600 1 999.999 9
2 115.0 22.600 1 999.999 9
2 120.0 22.500 1 999.999 9
2 125.0 22.400 1 999.999 9
2 130.0 22.100 1 999.999 9
2 135.0 22.100 1 999.999 9
1 1966040604 4.567 130.167 1 1 0
2 0.0 29.800 1 999.999 9
2 5.0 29.700 1 999.999 9
2 10.0 29.600 1 999.999 9
2 15.0 29.500 1 999.999 9
2 20.0 29.400 1 999.999 9
2 25.0 29.200 1 999.999 9
2 30.0 29.000 1 999.999 9
2 35.0 28.800 1 999.999 9
2 40.0 28.200 1 999.999 9
2 45.0 26.900 1 999.999 9
2 50.0 26.400 1 999.999 9
2 55.0 26.200 1 999.999 9
2 60.0 25.800 1 999.999 9
2 65.0 25.700 1 999.999 9
2 70.0 25.200 1 999.999 9
2 75.0 25.100 1 999.999 9
2 80.0 25.200 1 999.999 9
2 85.0 24.900 1 999.999 9
2 90.0 24.300 1 999.999 9
2 95.0 23.700 1 999.999 9
2 100.0 23.200 1 999.999 9
2 105.0 23.100 1 999.999 9
2 110.0 22.900 1 999.999 9
2 115.0 22.600 1 999.999 9
2 120.0 22.400 1 999.999 9
2 125.0 22.200 1 999.999 9
2 130.0 22.100 1 999.999 9
2 135.0 21.900 1 999.999 9
1 1966041507 1.567 139.967 7 1 1
2 0.0 29.300 1 34.320 1
2 9.0 29.250 1 34.290 1
2 18.0 0.000 9 34.280 1
2 27.0 29.280 1 34.290 1
2 46.0 28.990 1 34.490 1
2 68.0 27.860 1 34.670 1
2 90.0 23.830 1 35.100 1
2 112.0 23.760 1 35.230 1
2 134.0 21.920 1 34.970 1
2 179.0 19.100 1 34.920 1
2 223.0 14.290 1 34.900 1
2 267.0 10.920 1 34.680 1
2 341.0 10.050 1 34.750 1
2 414.0 8.580 1 34.670 1
2 487.0 7.860 1 34.600 1
2 560.0 7.030 1 34.590 1
2 633.0 6.410 1 34.580 1
2 769.0 5.140 1 34.540 1
2 939.0 4.530 1 34.580 1
2 1269.0 3.570 1 34.590 1
2 1720.0 2.490 1 34.620 1
1 1966041511 1.167 139.967 7 1 1
2 0.0 29.100 1 34.340 1
2 9.0 29.070 1 34.330 1
2 19.0 29.210 1 34.390 1
2 28.0 29.200 1 34.440 1
2 46.0 28.940 1 34.450 1
2 70.0 27.240 1 34.670 1
2 94.0 24.040 1 35.240 1
2 117.0 22.770 1 35.190 1
2 141.0 21.880 1 35.120 1
2 187.0 20.740 1 35.340 1
2 233.0 14.290 1 34.900 1
2 280.0 11.080 1 34.740 1
2 359.0 9.390 1 34.700 1
2 440.0 8.400 1 34.690 1
2 521.0 7.330 1 34.630 1
2 602.0 6.620 1 34.610 1
2 683.0 5.910 1 34.570 1
2 809.0 5.100 1 34.560 1
2 987.0 4.260 1 34.590 1
2 1210.0 0.000 9 34.610 1
2 1545.0 2.360 1 34.650 1
1 1966042308 4.767 130.100 1 1 0
2 0.0 31.100 1 999.999 9
2 5.0 30.900 1 999.999 9
2 10.0 30.900 1 999.999 9
2 15.0 30.900 1 999.999 9
2 20.0 30.900 1 999.999 9
2 25.0 30.700 1 999.999 9
2 30.0 30.100 1 999.999 9
2 35.0 30.000 1 999.999 9
2 40.0 29.900 1 999.999 9
2 45.0 29.600 1 999.999 9
2 50.0 29.200 1 999.999 9
2 55.0 28.700 1 999.999 9
2 60.0 28.200 1 999.999 9
2 65.0 27.700 1 999.999 9
2 70.0 27.000 1 999.999 9
2 75.0 26.000 1 999.999 9
2 80.0 25.500 1 999.999 9
1 1966042312 4.667 131.100 1 1 0
2 0.0 30.600 1 999.999 9
2 5.0 30.800 1 999.999 9
2 10.0 30.800 1 999.999 9
2 15.0 30.100 1 999.999 9
2 20.0 29.800 1 999.999 9
2 25.0 29.400 1 999.999 9
2 30.0 29.200 1 999.999 9
2 35.0 29.100 1 999.999 9
2 40.0 28.900 1 999.999 9
2 45.0 28.800 1 999.999 9
2 50.0 28.400 1 999.999 9
2 55.0 26.800 1 999.999 9
2 60.0 25.900 1 999.999 9
2 65.0 25.800 1 999.999 9
2 70.0 25.600 1 999.999 9
2 75.0 25.300 1 999.999 9
2 80.0 25.200 1 999.999 9
1 1966070404 8.917 130.000 1 1 0
2 0.0 29.700 1 999.999 9
2 5.0 28.700 1 999.999 9
2 10.0 28.700 1 999.999 9
2 15.0 28.700 1 999.999 9
2 20.0 28.700 1 999.999 9
2 25.0 28.600 1 999.999 9
2 30.0 28.600 1 999.999 9
2 35.0 28.600 1 999.999 9
2 40.0 28.600 1 999.999 9
2 45.0 28.600 1 999.999 9
2 50.0 28.600 1 999.999 9
2 55.0 28.600 1 999.999 9
2 60.0 28.500 1 999.999 9
2 65.0 28.400 1 999.999 9
2 70.0 28.000 1 999.999 9
2 75.0 27.300 1 999.999 9
2 80.0 26.500 1 999.999 9
2 85.0 25.900 1 999.999 9
2 90.0 25.400 1 999.999 9
2 95.0 24.900 1 999.999 9
2 100.0 24.500 1 999.999 9
2 105.0 23.700 1 999.999 9
2 110.0 22.900 1 999.999 9
2 115.0 22.100 1 999.999 9
2 120.0 21.200 1 999.999 9
2 125.0 20.500 1 999.999 9
2 130.0 19.800 1 999.999 9
2 135.0 19.200 1 999.999 9
2 140.0 18.700 1 999.999 9
2 145.0 18.300 1 999.999 9
2 150.0 17.900 1 999.999 9
2 155.0 17.500 1 999.999 9
2 160.0 17.000 1 999.999 9
2 165.0 16.300 1 999.999 9
2 170.0 15.700 1 999.999 9
2 175.0 15.200 1 999.999 9
2 180.0 14.700 1 999.999 9
2 185.0 14.000 1 999.999 9
2 190.0 13.400 1 999.999 9
2 195.0 12.700 1 999.999 9
2 200.0 12.300 1 999.999 9
2 205.0 11.900 1 999.999 9
2 210.0 11.600 1 999.999 9
2 215.0 11.300 1 999.999 9
2 220.0 11.200 1 999.999 9
1 1966070410 8.267 130.817 1 1 0
2 0.0 29.300 1 999.999 9
2 5.0 29.200 1 999.999 9
2 10.0 29.100 1 999.999 9
2 15.0 28.900 1 999.999 9
2 20.0 28.800 1 999.999 9
2 25.0 28.800 1 999.999 9
2 30.0 28.800 1 999.999 9
2 35.0 28.800 1 999.999 9
2 40.0 28.800 1 999.999 9
2 45.0 28.700 1 999.999 9
2 50.0 28.600 1 999.999 9
2 55.0 28.600 1 999.999 9
2 60.0 28.600 1 999.999 9
2 65.0 28.500 1 999.999 9
2 70.0 28.400 1 999.999 9
2 75.0 28.000 1 999.999 9
2 80.0 27.300 1 999.999 9
2 85.0 26.500 1 999.999 9
2 90.0 25.800 1 999.999 9
2 95.0 25.300 1 999.999 9
2 100.0 24.400 1 999.999 9
2 105.0 23.500 1 999.999 9
2 110.0 22.600 1 999.999 9
2 115.0 21.200 1 999.999 9
2 120.0 20.500 1 999.999 9
2 125.0 19.800 1 999.999 9
2 130.0 19.500 1 999.999 9
2 135.0 19.100 1 999.999 9
2 140.0 18.600 1 999.999 9
2 145.0 18.000 1 999.999 9
2 150.0 17.000 1 999.999 9
2 155.0 16.500 1 999.999 9
2 160.0 16.200 1 999.999 9
2 165.0 15.400 1 999.999 9
2 170.0 15.300 1 999.999 9
2 175.0 15.100 1 999.999 9
2 180.0 14.700 1 999.999 9
2 185.0 14.100 1 999.999 9
1 1966070412 8.500 136.800 1 1 0
2 0.0 30.200 1 999.999 9
2 5.0 30.200 1 999.999 9
2 10.0 30.000 1 999.999 9
2 15.0 29.900 1 999.999 9
2 20.0 29.900 1 999.999 9
2 25.0 29.900 1 999.999 9
2 30.0 29.800 1 999.999 9
2 35.0 29.800 1 999.999 9
2 40.0 29.800 1 999.999 9
2 45.0 29.800 1 999.999 9
2 50.0 29.700 1 999.999 9
2 55.0 29.300 1 999.999 9
2 60.0 28.900 1 999.999 9
2 65.0 28.500 1 999.999 9
2 70.0 28.200 1 999.999 9
2 75.0 28.000 1 999.999 9
2 80.0 27.600 1 999.999 9
2 85.0 27.000 1 999.999 9
2 90.0 24.800 3 999.999 9
2 95.0 18.800 3 999.999 9
2 100.0 18.100 1 999.999 9
2 105.0 17.800 1 999.999 9
2 110.0 17.500 1 999.999 9
2 115.0 17.200 1 999.999 9
2 120.0 16.800 1 999.999 9
2 125.0 16.500 1 999.999 9
2 130.0 15.900 1 999.999 9
2 135.0 15.400 1 999.999 9
2 140.0 15.000 1 999.999 9
2 145.0 14.700 1 999.999 9
2 150.0 14.400 1 999.999 9
2 155.0 14.000 1 999.999 9
2 160.0 13.500 1 999.999 9
2 165.0 13.200 1 999.999 9
2 170.0 12.800 1 999.999 9
2 175.0 12.500 1 999.999 9
2 180.0 12.300 1 999.999 9
2 185.0 11.900 1 999.999 9
2 190.0 11.700 1 999.999 9
2 195.0 11.500 1 999.999 9
2 200.0 11.300 1 999.999 9
2 205.0 11.100 1 999.999 9
2 210.0 10.900 1 999.999 9
2 215.0 10.800 1 999.999 9
2 220.0 10.500 1 999.999 9
2 225.0 10.200 1 999.999 9
2 230.0 9.900 1 999.999 9
2 235.0 9.800 1 999.999 9
2 240.0 9.500 1 999.999 9
2 245.0 9.000 1 999.999 9
2 250.0 8.800 1 999.999 9
2 255.0 8.700 1 999.999 9
2 260.0 8.500 1 999.999 9
1 1966070415 8.367 131.667 1 1 0
2 0.0 29.100 1 999.999 9
2 5.0 29.100 1 999.999 9
2 10.0 28.900 1 999.999 9
2 15.0 28.800 1 999.999 9
2 20.0 28.800 1 999.999 9
2 25.0 28.800 1 999.999 9
2 30.0 28.800 1 999.999 9
2 35.0 28.800 1 999.999 9
2 40.0 28.700 1 999.999 9
2 45.0 28.700 1 999.999 9
2 50.0 28.700 1 999.999 9
2 55.0 28.500 1 999.999 9
2 60.0 28.300 1 999.999 9
2 65.0 27.700 1 999.999 9
2 70.0 27.100 1 999.999 9
2 75.0 26.100 1 999.999 9
2 80.0 25.000 1 999.999 9
2 85.0 23.600 1 999.999 9
2 90.0 22.800 1 999.999 9
2 95.0 22.600 1 999.999 9
2 100.0 21.600 1 999.999 9
2 105.0 20.500 1 999.999 9
2 110.0 19.500 1 999.999 9
2 115.0 18.700 1 999.999 9
2 120.0 18.200 1 999.999 9
2 125.0 17.600 1 999.999 9
2 130.0 17.400 1 999.999 9
2 135.0 17.300 1 999.999 9
2 140.0 16.900 1 999.999 9
2 145.0 16.300 1 999.999 9
2 150.0 16.200 1 999.999 9
2 155.0 15.900 1 999.999 9
2 160.0 15.800 1 999.999 9
2 165.0 15.400 1 999.999 9
2 170.0 14.800 1 999.999 9
2 175.0 14.500 1 999.999 9
2 180.0 14.100 1 999.999 9
2 185.0 13.700 1 999.999 9
2 190.0 13.700 1 999.999 9
1 1966070421 7.217 132.183 1 1 0
2 0.0 29.000 1 999.999 9
2 5.0 29.000 1 999.999 9
2 10.0 29.000 1 999.999 9
2 15.0 29.000 1 999.999 9
2 20.0 29.000 1 999.999 9
2 25.0 29.000 1 999.999 9
2 30.0 29.000 1 999.999 9
2 35.0 29.000 1 999.999 9
2 40.0 29.000 1 999.999 9
2 45.0 28.900 1 999.999 9
2 50.0 28.700 1 999.999 9
2 55.0 27.700 1 999.999 9
2 60.0 27.200 1 999.999 9
2 65.0 26.400 1 999.999 9
2 70.0 26.200 1 999.999 9
2 75.0 25.700 1 999.999 9
2 80.0 25.100 1 999.999 9
2 85.0 24.600 1 999.999 9
2 90.0 23.800 1 999.999 9
2 95.0 23.100 1 999.999 9
2 100.0 22.600 1 999.999 9
2 105.0 22.500 1 999.999 9
2 110.0 22.000 1 999.999 9
2 115.0 21.100 1 999.999 9
2 120.0 20.400 1 999.999 9
2 125.0 19.700 1 999.999 9
2 130.0 19.300 1 999.999 9
2 135.0 18.700 1 999.999 9
2 140.0 17.800 1 999.999 9
2 145.0 17.300 1 999.999 9
2 150.0 16.600 1 999.999 9
2 155.0 16.000 1 999.999 9
2 160.0 15.100 1 999.999 9
2 165.0 14.700 1 999.999 9
2 170.0 14.500 1 999.999 9
2 175.0 14.200 1 999.999 9
2 180.0 13.700 1 999.999 9
2 185.0 13.400 1 999.999 9
2 190.0 13.200 1 999.999 9
2 195.0 12.700 1 999.999 9
2 200.0 12.500 1 999.999 9
2 205.0 12.300 1 999.999 9
1 1966070503 6.667 133.000 1 1 0
2 0.0 29.300 1 999.999 9
2 5.0 29.300 1 999.999 9
2 10.0 29.300 1 999.999 9
2 15.0 29.300 1 999.999 9
2 20.0 29.300 1 999.999 9
2 25.0 29.300 1 999.999 9
2 30.0 29.200 1 999.999 9
2 35.0 29.000 1 999.999 9
2 40.0 28.900 1 999.999 9
2 45.0 28.500 1 999.999 9
2 50.0 28.400 1 999.999 9
2 55.0 27.700 1 999.999 9
2 60.0 27.300 1 999.999 9
2 65.0 26.900 1 999.999 9
2 70.0 26.700 1 999.999 9
2 75.0 26.600 1 999.999 9
2 80.0 26.300 1 999.999 9
2 85.0 25.900 1 999.999 9
2 90.0 25.900 1 999.999 9
2 95.0 25.900 1 999.999 9
2 100.0 25.800 1 999.999 9
2 105.0 25.700 1 999.999 9
2 110.0 25.400 1 999.999 9
2 115.0 25.300 1 999.999 9
2 120.0 25.100 1 999.999 9
2 125.0 24.700 1 999.999 9
2 130.0 24.500 1 999.999 9
2 135.0 23.700 1 999.999 9
2 140.0 21.800 1 999.999 9
2 145.0 20.400 1 999.999 9
2 150.0 19.400 1 999.999 9
2 155.0 17.900 1 999.999 9
2 160.0 16.500 1 999.999 9
2 165.0 16.100 1 999.999 9
2 170.0 15.300 1 999.999 9
2 175.0 15.200 1 999.999 9
2 180.0 14.800 1 999.999 9
1 1966070509 6.167 133.633 1 1 0
2 0.0 29.000 1 999.999 9
2 5.0 29.100 1 999.999 9
2 10.0 29.100 1 999.999 9
2 15.0 29.000 1 999.999 9
2 20.0 29.000 1 999.999 9
2 25.0 29.000 1 999.999 9
2 30.0 29.000 1 999.999 9
2 35.0 29.000 1 999.999 9
2 40.0 28.900 1 999.999 9
2 45.0 28.800 1 999.999 9
2 50.0 28.800 1 999.999 9
2 55.0 28.700 1 999.999 9
2 60.0 28.300 1 999.999 9
2 65.0 28.100 1 999.999 9
2 70.0 27.700 1 999.999 9
2 75.0 27.300 1 999.999 9
2 80.0 27.100 1 999.999 9
2 85.0 26.800 1 999.999 9
2 90.0 26.600 1 999.999 9
2 95.0 26.500 1 999.999 9
2 100.0 26.200 1 999.999 9
2 105.0 25.800 1 999.999 9
2 110.0 25.600 1 999.999 9
2 115.0 25.200 1 999.999 9
2 120.0 24.800 1 999.999 9
2 125.0 24.600 1 999.999 9
2 130.0 24.000 1 999.999 9
2 135.0 22.400 1 999.999 9
2 140.0 21.400 1 999.999 9
2 145.0 20.000 1 999.999 9
2 150.0 18.800 1 999.999 9
2 155.0 17.700 1 999.999 9
2 160.0 17.100 1 999.999 9
2 165.0 16.200 1 999.999 9
2 170.0 15.300 1 999.999 9
2 175.0 14.300 1 999.999 9
2 180.0 13.700 1 999.999 9
2 185.0 13.000 1 999.999 9
2 190.0 12.300 1 999.999 9
2 195.0 11.700 1 999.999 9
2 200.0 11.100 1 999.999 9
2 205.0 10.800 1 999.999 9
2 210.0 10.600 1 999.999 9
2 215.0 10.100 1 999.999 9
2 220.0 9.800 1 999.999 9
2 225.0 9.600 1 999.999 9
2 230.0 9.400 1 999.999 9
2 235.0 9.300 1 999.999 9
2 240.0 9.200 1 999.999 9
2 245.0 9.100 1 999.999 9
2 250.0 9.000 1 999.999 9
2 255.0 8.900 1 999.999 9
2 260.0 8.900 1 999.999 9
1 1966070515 5.917 133.800 1 1 0
2 0.0 29.100 1 999.999 9
2 5.0 29.100 1 999.999 9
2 10.0 29.100 1 999.999 9
2 15.0 29.100 1 999.999 9
2 20.0 29.000 1 999.999 9
2 25.0 29.000 1 999.999 9
2 30.0 28.900 1 999.999 9
2 35.0 28.900 1 999.999 9
2 40.0 28.900 1 999.999 9
2 45.0 28.800 1 999.999 9
2 50.0 28.700 1 999.999 9
2 55.0 28.400 1 999.999 9
2 60.0 28.300 1 999.999 9
2 65.0 27.800 1 999.999 9
2 70.0 27.600 1 999.999 9
2 75.0 27.400 1 999.999 9
2 80.0 27.300 1 999.999 9
2 85.0 26.800 1 999.999 9
2 90.0 26.300 1 999.999 9
2 95.0 25.700 1 999.999 9
2 100.0 25.300 1 999.999 9
2 105.0 24.700 1 999.999 9
2 110.0 23.800 1 999.999 9
2 115.0 22.800 1 999.999 9
2 120.0 22.300 1 999.999 9
2 125.0 21.500 1 999.999 9
2 130.0 20.600 1 999.999 9
2 135.0 20.100 1 999.999 9
2 140.0 19.500 1 999.999 9
2 145.0 19.000 1 999.999 9
2 150.0 18.400 1 999.999 9
2 155.0 17.900 1 999.999 9
2 160.0 17.300 1 999.999 9
2 165.0 16.800 1 999.999 9
2 170.0 16.400 1 999.999 9
2 175.0 15.900 1 999.999 9
2 180.0 15.100 1 999.999 9
2 185.0 13.800 1 999.999 9
2 190.0 12.700 1 999.999 9
2 195.0 12.200 1 999.999 9
2 200.0 11.700 1 999.999 9
2 205.0 11.200 1 999.999 9
2 210.0 10.800 1 999.999 9
2 215.0 10.800 1 999.999 9
2 220.0 10.500 1 999.999 9
2 225.0 10.100 1 999.999 9
2 230.0 9.900 1 999.999 9
2 235.0 9.600 1 999.999 9
2 240.0 9.400 1 999.999 9
2 245.0 9.300 1 999.999 9
2 250.0 9.000 1 999.999 9
2 255.0 8.900 1 999.999 9
2 260.0 8.800 1 999.999 9
2 265.0 8.700 1 999.999 9
2 270.0 8.600 1 999.999 9
2 275.0 8.600 1 999.999 9
1 1966070521 5.767 134.000 1 1 0
2 0.0 29.000 1 999.999 9
2 5.0 29.000 1 999.999 9
2 10.0 29.000 1 999.999 9
2 15.0 29.000 1 999.999 9
2 20.0 29.000 1 999.999 9
2 25.0 29.000 1 999.999 9
2 30.0 28.900 1 999.999 9
2 35.0 28.900 1 999.999 9
2 40.0 28.900 1 999.999 9
2 45.0 28.800 1 999.999 9
2 50.0 28.800 1 999.999 9
2 55.0 28.700 1 999.999 9
2 60.0 28.700 1 999.999 9
2 65.0 28.600 1 999.999 9
2 70.0 28.400 1 999.999 9
2 75.0 27.900 1 999.999 9
2 80.0 27.300 1 999.999 9
2 85.0 27.200 1 999.999 9
2 90.0 27.100 1 999.999 9
2 95.0 26.700 1 999.999 9
2 100.0 25.700 1 999.999 9
2 105.0 25.000 1 999.999 9
2 110.0 23.800 1 999.999 9
2 115.0 22.600 1 999.999 9
2 120.0 22.000 1 999.999 9
2 125.0 21.100 1 999.999 9
2 130.0 20.500 1 999.999 9
2 135.0 19.900 1 999.999 9
2 140.0 19.300 1 999.999 9
2 145.0 18.600 1 999.999 9
2 150.0 17.400 1 999.999 9
2 155.0 16.700 1 999.999 9
2 160.0 16.300 1 999.999 9
2 165.0 15.500 1 999.999 9
2 170.0 14.500 1 999.999 9
2 175.0 13.600 1 999.999 9
2 180.0 13.200 1 999.999 9
2 185.0 13.000 1 999.999 9
2 190.0 12.700 1 999.999 9
2 195.0 12.400 1 999.999 9
2 200.0 11.800 1 999.999 9
2 205.0 11.400 1 999.999 9
2 210.0 10.700 1 999.999 9
2 215.0 10.500 1 999.999 9
2 220.0 10.200 1 999.999 9
2 225.0 9.900 1 999.999 9
2 230.0 9.700 1 999.999 9
2 235.0 9.500 1 999.999 9
2 240.0 9.500 1 999.999 9
2 245.0 9.500 1 999.999 9
1 1966070603 5.417 134.100 1 1 0
2 0.0 28.800 1 999.999 9
2 5.0 28.800 1 999.999 9
2 10.0 28.800 1 999.999 9
2 15.0 28.800 1 999.999 9
2 20.0 28.800 1 999.999 9
2 25.0 28.800 1 999.999 9
2 30.0 28.800 1 999.999 9
2 35.0 28.800 1 999.999 9
2 40.0 28.700 1 999.999 9
2 45.0 28.700 1 999.999 9
2 50.0 28.700 1 999.999 9
2 55.0 28.700 1 999.999 9
2 60.0 28.500 1 999.999 9
2 65.0 28.300 1 999.999 9
2 70.0 27.900 1 999.999 9
2 75.0 27.400 1 999.999 9
2 80.0 27.000 1 999.999 9
2 85.0 26.800 1 999.999 9
2 90.0 26.700 1 999.999 9
2 95.0 26.200 1 999.999 9
2 100.0 25.000 1 999.999 9
2 105.0 24.000 1 999.999 9
2 110.0 23.600 1 999.999 9
2 115.0 23.300 1 999.999 9
2 120.0 21.800 1 999.999 9
2 125.0 20.300 1 999.999 9
2 130.0 19.600 1 999.999 9
2 135.0 19.200 1 999.999 9
2 140.0 18.800 1 999.999 9
2 145.0 18.700 1 999.999 9
2 150.0 18.500 1 999.999 9
2 155.0 18.200 1 999.999 9
2 160.0 17.600 1 999.999 9
2 165.0 17.000 1 999.999 9
2 170.0 16.700 1 999.999 9
2 175.0 16.400 1 999.999 9
2 180.0 15.500 1 999.999 9
2 185.0 14.400 1 999.999 9
2 190.0 13.600 1 999.999 9
2 195.0 13.000 1 999.999 9
2 200.0 12.400 1 999.999 9
2 205.0 12.200 1 999.999 9
2 210.0 12.100 1 999.999 9
2 215.0 11.600 1 999.999 9
2 220.0 11.100 1 999.999 9
2 225.0 10.500 1 999.999 9
2 230.0 10.200 1 999.999 9
2 235.0 9.900 1 999.999 9
2 240.0 9.800 1 999.999 9
2 245.0 9.400 1 999.999 9
2 250.0 9.100 1 999.999 9
2 255.0 8.900 1 999.999 9
2 260.0 8.900 1 999.999 9
2 265.0 8.700 1 999.999 9
2 270.0 8.600 1 999.999 9
2 275.0 8.600 1 999.999 9
1 1966070609 4.517 134.317 1 1 0
2 0.0 28.600 1 999.999 9
2 5.0 28.700 1 999.999 9
2 10.0 28.800 1 999.999 9
2 15.0 29.000 1 999.999 9
2 20.0 29.000 1 999.999 9
2 25.0 29.000 1 999.999 9
2 30.0 29.000 1 999.999 9
2 35.0 28.900 1 999.999 9
2 40.0 28.900 1 999.999 9
2 45.0 28.900 1 999.999 9
2 50.0 28.900 1 999.999 9
2 55.0 28.900 1 999.999 9
2 60.0 28.800 1 999.999 9
2 65.0 28.700 1 999.999 9
2 70.0 28.600 1 999.999 9
2 75.0 28.400 1 999.999 9
2 80.0 27.800 1 999.999 9
2 85.0 27.300 1 999.999 9
2 90.0 27.000 1 999.999 9
2 95.0 26.500 1 999.999 9
2 100.0 26.000 1 999.999 9
2 105.0 25.100 1 999.999 9
2 110.0 23.900 1 999.999 9
2 115.0 23.000 1 999.999 9
2 120.0 22.500 1 999.999 9
2 125.0 21.900 1 999.999 9
2 130.0 20.900 1 999.999 9
2 135.0 19.800 1 999.999 9
2 140.0 19.200 1 999.999 9
2 145.0 18.500 1 999.999 9
2 150.0 17.800 1 999.999 9
2 155.0 17.300 1 999.999 9
2 160.0 16.400 1 999.999 9
2 165.0 16.200 1 999.999 9
2 170.0 15.900 1 999.999 9
2 175.0 15.700 1 999.999 9
2 180.0 15.300 1 999.999 9
1 1966070615 3.900 134.517 1 1 0
2 0.0 28.800 1 999.999 9
2 5.0 28.800 1 999.999 9
2 10.0 28.800 1 999.999 9
2 15.0 28.800 1 999.999 9
2 20.0 28.800 1 999.999 9
2 25.0 28.800 1 999.999 9
2 30.0 28.800 1 999.999 9
2 35.0 28.800 1 999.999 9
2 40.0 28.800 1 999.999 9
2 45.0 28.800 1 999.999 9
2 50.0 28.800 1 999.999 9
2 55.0 28.800 1 999.999 9
2 60.0 28.800 1 999.999 9
2 65.0 28.500 1 999.999 9
2 70.0 28.300 1 999.999 9
2 75.0 28.000 1 999.999 9
2 80.0 27.800 1 999.999 9
2 85.0 27.800 1 999.999 9
2 90.0 26.700 1 999.999 9
2 95.0 25.800 1 999.999 9
2 100.0 25.700 1 999.999 9
2 105.0 24.600 1 999.999 9
2 110.0 24.400 1 999.999 9
2 115.0 23.500 1 999.999 9
2 120.0 22.900 1 999.999 9
2 125.0 22.700 1 999.999 9
2 130.0 21.600 1 999.999 9
2 135.0 20.400 1 999.999 9
2 140.0 19.400 1 999.999 9
2 145.0 18.800 1 999.999 9
2 150.0 18.400 1 999.999 9
2 155.0 18.100 1 999.999 9
2 160.0 18.200 1 999.999 9
2 165.0 17.700 1 999.999 9
2 170.0 17.100 1 999.999 9
2 175.0 16.700 1 999.999 9
2 180.0 16.200 1 999.999 9
1 1966070621 2.967 134.767 1 1 0
2 0.0 28.900 1 999.999 9
2 5.0 28.900 1 999.999 9
2 10.0 28.900 1 999.999 9
2 15.0 28.800 1 999.999 9
2 20.0 28.800 1 999.999 9
2 25.0 28.800 1 999.999 9
2 30.0 28.800 1 999.999 9
2 35.0 28.800 1 999.999 9
2 40.0 28.800 1 999.999 9
2 45.0 28.700 1 999.999 9
2 50.0 28.700 1 999.999 9
2 55.0 28.600 1 999.999 9
2 60.0 28.500 1 999.999 9
2 65.0 28.500 1 999.999 9
2 70.0 28.400 1 999.999 9
2 75.0 28.300 1 999.999 9
2 80.0 28.000 1 999.999 9
2 85.0 27.300 1 999.999 9
2 90.0 27.200 1 999.999 9
2 95.0 27.100 1 999.999 9
2 100.0 26.400 1 999.999 9
2 105.0 26.100 1 999.999 9
2 110.0 25.900 1 999.999 9
2 115.0 25.400 1 999.999 9
2 120.0 24.900 1 999.999 9
2 125.0 24.900 1 999.999 9
2 130.0 24.700 1 999.999 9
2 135.0 24.300 1 999.999 9
2 140.0 23.900 1 999.999 9
2 145.0 23.200 1 999.999 9
2 150.0 22.800 1 999.999 9
2 155.0 22.500 1 999.999 9
2 160.0 22.300 1 999.999 9
2 165.0 22.200 1 999.999 9
2 170.0 22.100 1 999.999 9
2 175.0 21.400 1 999.999 9
2 180.0 19.800 1 999.999 9
2 185.0 19.200 1 999.999 9
1 1966070709 2.750 135.633 1 1 0
2 0.0 29.000 1 999.999 9
2 5.0 29.000 1 999.999 9
2 10.0 28.900 1 999.999 9
2 15.0 28.900 1 999.999 9
2 20.0 28.800 1 999.999 9
2 25.0 28.800 1 999.999 9
2 30.0 28.800 1 999.999 9
2 35.0 28.700 1 999.999 9
2 40.0 28.600 1 999.999 9
2 45.0 28.500 1 999.999 9
2 50.0 28.300 1 999.999 9
2 55.0 28.200 1 999.999 9
2 60.0 28.100 1 999.999 9
2 65.0 27.900 1 999.999 9
2 70.0 27.600 1 999.999 9
2 75.0 27.300 1 999.999 9
2 80.0 26.800 1 999.999 9
2 85.0 26.700 1 999.999 9
2 90.0 26.700 1 999.999 9
2 95.0 26.500 1 999.999 9
2 100.0 26.300 1 999.999 9
2 105.0 26.000 1 999.999 9
2 110.0 25.700 1 999.999 9
2 115.0 25.500 1 999.999 9
2 120.0 25.400 1 999.999 9
2 125.0 24.900 1 999.999 9
2 130.0 24.100 1 999.999 9
2 135.0 23.700 1 999.999 9
2 140.0 23.200 1 999.999 9
2 145.0 23.200 1 999.999 9
2 150.0 23.100 1 999.999 9
2 155.0 22.900 1 999.999 9
2 160.0 21.800 1 999.999 9
2 165.0 21.100 1 999.999 9
2 170.0 20.300 1 999.999 9
2 175.0 19.800 1 999.999 9
2 180.0 19.200 1 999.999 9
2 185.0 18.800 1 999.999 9
2 190.0 18.400 1 999.999 9
2 195.0 18.300 1 999.999 9
2 200.0 18.200 1 999.999 9
2 205.0 18.100 1 999.999 9
2 210.0 17.600 1 999.999 9
2 215.0 17.100 1 999.999 9
2 220.0 16.900 1 999.999 9
2 225.0 16.600 1 999.999 9
2 230.0 16.400 1 999.999 9
2 235.0 15.400 1 999.999 9
2 240.0 15.100 1 999.999 9
2 245.0 14.900 1 999.999 9
2 250.0 14.900 1 999.999 9
1 1966070715 2.583 136.000 1 1 0
2 0.0 28.800 1 999.999 9
2 5.0 28.800 1 999.999 9
2 10.0 28.800 1 999.999 9
2 15.0 28.800 1 999.999 9
2 20.0 28.800 1 999.999 9
2 25.0 28.800 1 999.999 9
2 30.0 28.800 1 999.999 9
2 35.0 28.800 1 999.999 9
2 40.0 28.800 1 999.999 9
2 45.0 28.700 1 999.999 9
2 50.0 28.700 1 999.999 9
2 55.0 28.700 1 999.999 9
2 60.0 28.600 1 999.999 9
2 65.0 28.500 1 999.999 9
2 70.0 28.400 1 999.999 9
2 75.0 28.200 1 999.999 9
2 80.0 27.900 1 999.999 9
2 85.0 27.700 1 999.999 9
2 90.0 27.200 1 999.999 9
2 95.0 27.200 1 999.999 9
2 100.0 27.100 1 999.999 9
2 105.0 27.100 1 999.999 9
2 110.0 26.900 1 999.999 9
2 115.0 26.500 1 999.999 9
2 120.0 26.200 1 999.999 9
2 125.0 26.000 1 999.999 9
2 130.0 25.900 1 999.999 9
2 135.0 25.800 1 999.999 9
2 140.0 25.700 1 999.999 9
2 145.0 25.400 1 999.999 9
2 150.0 25.000 1 999.999 9
2 155.0 24.200 1 999.999 9
2 160.0 23.300 1 999.999 9
2 165.0 23.100 1 999.999 9
2 170.0 22.200 1 999.999 9
2 175.0 21.300 1 999.999 9
2 180.0 20.800 1 999.999 9
2 185.0 20.500 1 999.999 9
2 190.0 20.200 1 999.999 9
2 195.0 19.500 1 999.999 9
2 200.0 18.700 1 999.999 9
2 205.0 18.300 1 999.999 9
2 210.0 17.800 1 999.999 9
2 215.0 17.100 1 999.999 9
2 220.0 16.700 1 999.999 9
2 225.0 16.700 1 999.999 9
2 230.0 16.500 1 999.999 9
2 235.0 16.200 1 999.999 9
2 240.0 16.000 1 999.999 9
2 245.0 15.500 1 999.999 9
2 250.0 14.900 1 999.999 9
2 255.0 14.700 1 999.999 9
2 260.0 14.700 1 999.999 9
2 265.0 14.600 1 999.999 9
2 270.0 14.400 1 999.999 9
2 275.0 14.300 1 999.999 9
1 1966070721 2.500 136.617 1 1 0
2 0.0 28.900 1 999.999 9
2 5.0 28.900 1 999.999 9
2 10.0 28.900 1 999.999 9
2 15.0 28.800 1 999.999 9
2 20.0 28.800 1 999.999 9
2 25.0 28.800 1 999.999 9
2 30.0 28.700 1 999.999 9
2 35.0 28.600 1 999.999 9
2 40.0 28.500 1 999.999 9
2 45.0 28.400 1 999.999 9
2 50.0 28.300 1 999.999 9
2 55.0 28.200 1 999.999 9
2 60.0 27.900 1 999.999 9
2 65.0 27.500 1 999.999 9
2 70.0 27.400 1 999.999 9
2 75.0 27.300 1 999.999 9
2 80.0 27.200 1 999.999 9
2 85.0 27.000 1 999.999 9
2 90.0 26.700 1 999.999 9
2 95.0 26.400 1 999.999 9
2 100.0 26.300 1 999.999 9
2 105.0 26.300 1 999.999 9
2 110.0 26.300 1 999.999 9
2 115.0 26.200 1 999.999 9
2 120.0 26.200 1 999.999 9
2 125.0 25.800 1 999.999 9
2 130.0 25.000 1 999.999 9
2 135.0 24.600 1 999.999 9
2 140.0 24.500 1 999.999 9
2 145.0 24.100 1 999.999 9
2 150.0 23.500 1 999.999 9
2 155.0 23.400 1 999.999 9
2 160.0 23.300 1 999.999 9
2 165.0 22.700 1 999.999 9
2 170.0 22.200 1 999.999 9
2 175.0 21.000 1 999.999 9
2 180.0 20.500 1 999.999 9
2 185.0 19.900 1 999.999 9
2 190.0 19.300 1 999.999 9
2 195.0 19.000 1 999.999 9
2 200.0 18.700 1 999.999 9
2 205.0 18.600 1 999.999 9
2 210.0 18.200 1 999.999 9
2 215.0 17.600 1 999.999 9
2 220.0 17.000 1 999.999 9
2 225.0 16.200 1 999.999 9
2 230.0 15.900 1 999.999 9
2 235.0 15.800 1 999.999 9
2 240.0 15.700 1 999.999 9
1 1966070809 1.750 137.517 1 1 0
2 0.0 28.800 1 999.999 9
2 5.0 28.800 1 999.999 9
2 10.0 28.800 1 999.999 9
2 15.0 28.800 1 999.999 9
2 20.0 28.800 1 999.999 9
2 25.0 28.800 1 999.999 9
2 30.0 28.800 1 999.999 9
2 35.0 28.700 1 999.999 9
2 40.0 28.600 1 999.999 9
2 45.0 28.500 1 999.999 9
2 50.0 28.400 1 999.999 9
2 55.0 28.400 1 999.999 9
2 60.0 28.300 1 999.999 9
2 65.0 28.100 1 999.999 9
2 70.0 28.000 1 999.999 9
2 75.0 28.000 1 999.999 9
2 80.0 27.900 1 999.999 9
2 85.0 27.800 1 999.999 9
2 90.0 27.800 1 999.999 9
2 95.0 27.700 1 999.999 9
2 100.0 27.600 1 999.999 9
2 105.0 27.500 1 999.999 9
2 110.0 27.300 1 999.999 9
2 115.0 26.800 1 999.999 9
2 120.0 26.600 1 999.999 9
2 125.0 26.500 1 999.999 9
2 130.0 26.300 1 999.999 9
2 135.0 25.900 1 999.999 9
2 140.0 25.000 1 999.999 9
2 145.0 23.500 1 999.999 9
2 150.0 23.100 1 999.999 9
2 155.0 22.900 1 999.999 9
2 160.0 22.400 1 999.999 9
2 165.0 21.900 1 999.999 9
2 170.0 21.800 1 999.999 9
2 175.0 21.700 1 999.999 9
2 180.0 21.300 1 999.999 9
2 185.0 21.200 1 999.999 9
2 190.0 21.100 1 999.999 9
2 195.0 20.800 1 999.999 9
2 200.0 20.000 1 999.999 9
2 205.0 18.700 1 999.999 9
2 210.0 17.500 1 999.999 9
2 215.0 17.400 1 999.999 9
2 220.0 17.300 1 999.999 9
2 225.0 17.000 1 999.999 9
2 230.0 16.700 1 999.999 9
2 235.0 16.300 1 999.999 9
2 240.0 15.900 1 999.999 9
2 245.0 15.600 1 999.999 9
2 250.0 14.900 1 999.999 9
2 255.0 14.100 1 999.999 9
2 260.0 14.100 1 999.999 9
1 1966070815 1.633 137.633 1 1 0
2 0.0 28.800 1 999.999 9
2 5.0 28.800 1 999.999 9
2 10.0 28.800 1 999.999 9
2 15.0 28.800 1 999.999 9
2 20.0 28.800 1 999.999 9
2 25.0 28.800 1 999.999 9
2 30.0 28.800 1 999.999 9
2 35.0 28.800 1 999.999 9
2 40.0 28.800 1 999.999 9
2 45.0 28.800 1 999.999 9
2 50.0 28.700 1 999.999 9
2 55.0 28.600 1 999.999 9
2 60.0 28.500 1 999.999 9
2 65.0 28.400 1 999.999 9
2 70.0 28.300 1 999.999 9
2 75.0 27.800 1 999.999 9
2 80.0 27.700 1 999.999 9
2 85.0 27.700 1 999.999 9
2 90.0 27.600 1 999.999 9
2 95.0 27.400 1 999.999 9
2 100.0 26.800 1 999.999 9
2 105.0 26.700 1 999.999 9
2 110.0 26.500 1 999.999 9
2 115.0 25.900 1 999.999 9
2 120.0 24.800 1 999.999 9
2 125.0 23.600 1 999.999 9
2 130.0 23.100 1 999.999 9
2 135.0 22.900 1 999.999 9
2 140.0 22.700 1 999.999 9
2 145.0 22.300 1 999.999 9
2 150.0 22.100 1 999.999 9
2 155.0 22.100 1 999.999 9
2 160.0 22.000 1 999.999 9
2 165.0 22.000 1 999.999 9
2 170.0 21.700 1 999.999 9
2 175.0 21.300 1 999.999 9
2 180.0 21.000 1 999.999 9
2 185.0 20.800 1 999.999 9
2 190.0 20.400 1 999.999 9
2 195.0 19.700 1 999.999 9
2 200.0 18.800 1 999.999 9
2 205.0 18.300 1 999.999 9
2 210.0 17.900 1 999.999 9
2 215.0 17.700 1 999.999 9
2 220.0 17.200 1 999.999 9
2 225.0 16.800 1 999.999 9
2 230.0 16.500 1 999.999 9
2 235.0 16.300 1 999.999 9
2 240.0 16.000 1 999.999 9
2 245.0 15.500 1 999.999 9
2 250.0 15.000 1 999.999 9
2 255.0 14.300 1 999.999 9
2 260.0 13.600 1 999.999 9
2 265.0 13.700 1 999.999 9
2 270.0 13.700 1 999.999 9
2 275.0 13.300 1 999.999 9
1 1966070821 1.567 137.750 1 1 0
2 0.0 28.800 1 999.999 9
2 5.0 28.800 1 999.999 9
2 10.0 28.800 1 999.999 9
2 15.0 28.800 1 999.999 9
2 20.0 28.800 1 999.999 9
2 25.0 28.800 1 999.999 9
2 30.0 28.800 1 999.999 9
2 35.0 28.800 1 999.999 9
2 40.0 28.800 1 999.999 9
2 45.0 28.700 1 999.999 9
2 50.0 28.600 1 999.999 9
2 55.0 28.500 1 999.999 9
2 60.0 28.300 1 999.999 9
2 65.0 28.200 1 999.999 9
2 70.0 28.000 1 999.999 9
2 75.0 27.800 1 999.999 9
2 80.0 27.800 1 999.999 9
2 85.0 27.700 1 999.999 9
2 90.0 27.700 1 999.999 9
2 95.0 27.600 1 999.999 9
2 100.0 27.500 1 999.999 9
2 105.0 27.400 1 999.999 9
2 110.0 27.200 1 999.999 9
2 115.0 26.700 1 999.999 9
2 120.0 26.400 1 999.999 9
2 125.0 25.300 1 999.999 9
2 130.0 23.800 1 999.999 9
2 135.0 23.300 1 999.999 9
2 140.0 23.000 1 999.999 9
2 145.0 22.700 1 999.999 9
2 150.0 22.400 1 999.999 9
2 155.0 22.200 1 999.999 9
2 160.0 22.200 1 999.999 9
2 165.0 22.100 1 999.999 9
2 170.0 21.900 1 999.999 9
2 175.0 21.500 1 999.999 9
2 180.0 21.300 1 999.999 9
2 185.0 21.000 1 999.999 9
2 190.0 20.500 1 999.999 9
2 195.0 20.200 1 999.999 9
2 200.0 19.700 1 999.999 9
2 205.0 19.300 1 999.999 9
2 210.0 18.600 1 999.999 9
2 215.0 17.900 1 999.999 9
2 220.0 17.700 1 999.999 9
2 225.0 17.400 1 999.999 9
2 230.0 17.200 1 999.999 9
2 235.0 16.700 1 999.999 9
2 240.0 16.500 1 999.999 9
2 245.0 15.800 1 999.999 9
2 250.0 15.300 1 999.999 9
2 255.0 14.400 1 999.999 9
2 260.0 13.600 1 999.999 9
2 265.0 13.700 1 999.999 9
2 270.0 13.400 1 999.999 9
2 275.0 13.300 1 999.999 9
1 1966070903 1.383 138.517 1 1 0
2 0.0 29.300 1 999.999 9
2 5.0 29.100 1 999.999 9
2 10.0 28.900 1 999.999 9
2 15.0 28.800 1 999.999 9
2 20.0 28.800 1 999.999 9
2 25.0 28.800 1 999.999 9
2 30.0 28.800 1 999.999 9
2 35.0 28.800 1 999.999 9
2 40.0 28.800 1 999.999 9
2 45.0 28.800 1 999.999 9
2 50.0 28.800 1 999.999 9
2 55.0 28.800 1 999.999 9
2 60.0 28.700 1 999.999 9
2 65.0 28.400 1 999.999 9
2 70.0 28.300 1 999.999 9
2 75.0 28.000 1 999.999 9
2 80.0 27.600 1 999.999 9
2 85.0 27.500 1 999.999 9
2 90.0 27.400 1 999.999 9
2 95.0 27.300 1 999.999 9
2 100.0 27.200 1 999.999 9
2 105.0 26.800 1 999.999 9
2 110.0 26.600 1 999.999 9
2 115.0 25.700 1 999.999 9
2 120.0 23.700 1 999.999 9
2 125.0 23.500 1 999.999 9
2 130.0 23.400 1 999.999 9
2 135.0 23.300 1 999.999 9
2 140.0 23.100 1 999.999 9
2 145.0 22.900 1 999.999 9
2 150.0 22.700 1 999.999 9
2 155.0 22.300 1 999.999 9
2 160.0 22.100 1 999.999 9
2 165.0 21.800 1 999.999 9
1 1966071306 7.800 135.600 1 1 0
2 0.0 30.500 1 999.999 9
2 5.0 30.500 1 999.999 9
2 10.0 30.500 1 999.999 9
2 15.0 30.500 1 999.999 9
2 20.0 30.500 1 999.999 9
2 25.0 30.400 1 999.999 9
2 30.0 30.300 1 999.999 9
2 35.0 30.000 1 999.999 9
2 40.0 29.900 1 999.999 9
2 45.0 29.700 1 999.999 9
2 50.0 29.200 1 999.999 9
2 55.0 28.700 1 999.999 9
2 60.0 28.500 1 999.999 9
2 65.0 28.400 1 999.999 9
2 70.0 28.100 1 999.999 9
2 75.0 27.400 1 999.999 9
2 80.0 26.200 1 999.999 9
2 85.0 25.400 1 999.999 9
2 90.0 24.200 1 999.999 9
2 95.0 22.900 1 999.999 9
2 100.0 22.000 1 999.999 9
2 105.0 21.400 1 999.999 9
2 110.0 20.800 1 999.999 9
2 115.0 20.400 1 999.999 9
2 120.0 20.000 1 999.999 9
2 125.0 19.400 1 999.999 9
2 130.0 18.700 1 999.999 9
2 135.0 18.000 1 999.999 9
2 140.0 17.500 1 999.999 9
2 145.0 17.000 1 999.999 9
2 150.0 16.400 1 999.999 9
2 155.0 16.000 1 999.999 9
2 160.0 15.500 1 999.999 9
2 165.0 15.000 1 999.999 9
2 170.0 14.500 1 999.999 9
2 175.0 14.200 1 999.999 9
2 180.0 13.700 1 999.999 9
2 185.0 13.100 1 999.999 9
2 190.0 12.500 1 999.999 9
2 195.0 12.200 1 999.999 9
2 200.0 12.000 1 999.999 9
2 205.0 11.700 1 999.999 9
2 210.0 11.400 1 999.999 9
2 215.0 11.200 1 999.999 9
2 220.0 10.900 1 999.999 9
2 225.0 10.700 1 999.999 9
2 230.0 10.400 1 999.999 9
2 235.0 10.200 1 999.999 9
2 240.0 9.800 1 999.999 9
2 245.0 9.600 1 999.999 9
2 250.0 9.300 1 999.999 9
2 255.0 9.000 1 999.999 9
2 260.0 8.800 1 999.999 9
1 1966071318 9.000 137.600 1 1 0
2 0.0 30.100 1 999.999 9
2 5.0 30.100 1 999.999 9
2 10.0 30.100 1 999.999 9
2 15.0 30.100 1 999.999 9
2 20.0 30.100 1 999.999 9
2 25.0 30.000 1 999.999 9
2 30.0 30.000 1 999.999 9
2 35.0 30.100 1 999.999 9
2 40.0 30.000 1 999.999 9
2 45.0 29.800 1 999.999 9
2 50.0 29.500 1 999.999 9
2 55.0 29.300 1 999.999 9
2 60.0 28.900 1 999.999 9
2 65.0 28.600 1 999.999 9
2 70.0 28.200 1 999.999 9
2 75.0 27.800 1 999.999 9
2 80.0 27.600 1 999.999 9
2 85.0 27.500 1 999.999 9
2 90.0 27.300 1 999.999 9
2 95.0 26.800 1 999.999 9
2 100.0 26.400 1 999.999 9
2 105.0 26.200 1 999.999 9
2 110.0 26.000 1 999.999 9
2 115.0 25.500 1 999.999 9
2 120.0 24.700 1 999.999 9
2 125.0 23.400 1 999.999 9
2 130.0 22.500 1 999.999 9
2 135.0 21.900 1 999.999 9
2 140.0 21.400 1 999.999 9
2 145.0 20.900 1 999.999 9
2 150.0 20.300 1 999.999 9
2 155.0 19.400 1 999.999 9
2 160.0 18.300 1 999.999 9
2 165.0 17.600 1 999.999 9
2 170.0 17.000 1 999.999 9
2 175.0 16.600 1 999.999 9
2 180.0 16.100 1 999.999 9
2 185.0 15.700 1 999.999 9
2 190.0 15.200 1 999.999 9
2 195.0 14.800 1 999.999 9
2 200.0 14.400 1 999.999 9
2 205.0 13.900 1 999.999 9
2 210.0 13.700 1 999.999 9
2 215.0 13.500 1 999.999 9
2 220.0 13.100 1 999.999 9
2 225.0 12.800 1 999.999 9
2 230.0 12.400 1 999.999 9
2 235.0 12.000 1 999.999 9
2 240.0 11.600 1 999.999 9
2 245.0 11.200 1 999.999 9
2 250.0 10.700 1 999.999 9
2 255.0 10.200 1 999.999 9
2 260.0 9.900 1 999.999 9
2 265.0 9.700 1 999.999 9
1 1966073012 0.917 139.883 1 1 0
2 0.0 29.600 1 999.999 9
2 5.0 29.600 1 999.999 9
2 10.0 29.400 1 999.999 9
2 15.0 29.400 1 999.999 9
2 20.0 29.500 1 999.999 9
2 25.0 29.600 1 999.999 9
2 30.0 29.600 1 999.999 9
2 35.0 29.600 1 999.999 9
2 40.0 29.600 1 999.999 9
2 45.0 29.600 1 999.999 9
2 50.0 29.600 1 999.999 9
2 55.0 29.500 1 999.999 9
2 60.0 29.400 1 999.999 9
2 65.0 29.300 1 999.999 9
2 70.0 29.200 1 999.999 9
2 75.0 28.200 1 999.999 9
2 80.0 27.800 1 999.999 9
2 85.0 27.700 1 999.999 9
2 90.0 27.600 1 999.999 9
1 1966073018 1.417 138.250 1 1 0
2 0.0 29.600 1 999.999 9
2 5.0 29.600 1 999.999 9
2 10.0 29.600 1 999.999 9
2 15.0 29.500 1 999.999 9
2 20.0 29.500 1 999.999 9
2 25.0 29.500 1 999.999 9
2 30.0 29.500 1 999.999 9
2 35.0 29.500 1 999.999 9
2 40.0 29.500 1 999.999 9
2 45.0 29.500 1 999.999 9
2 50.0 29.500 1 999.999 9
2 55.0 29.500 1 999.999 9
2 60.0 29.500 1 999.999 9
2 65.0 29.400 1 999.999 9
2 70.0 29.000 1 999.999 9
2 75.0 27.700 1 999.999 9
2 80.0 27.200 1 999.999 9
2 85.0 26.800 1 999.999 9
2 90.0 26.700 1 999.999 9
1 1966073100 2.367 137.183 1 1 0
2 0.0 29.300 1 999.999 9
2 5.0 29.300 1 999.999 9
2 10.0 29.300 1 999.999 9
2 15.0 29.300 1 999.999 9
2 20.0 29.300 1 999.999 9
2 25.0 29.300 1 999.999 9
2 30.0 29.300 1 999.999 9
2 35.0 29.300 1 999.999 9
2 40.0 29.300 1 999.999 9
2 45.0 29.300 1 999.999 9
2 50.0 29.300 1 999.999 9
2 55.0 29.400 1 999.999 9
2 60.0 29.400 1 999.999 9
2 65.0 29.400 1 999.999 9
2 70.0 29.400 1 999.999 9
2 75.0 29.300 1 999.999 9
2 80.0 28.600 1 999.999 9
1 1966073106 2.750 135.433 1 1 0
2 0.0 29.600 1 999.999 9
2 5.0 29.300 1 999.999 9
2 10.0 29.200 1 999.999 9
2 15.0 29.100 1 999.999 9
2 20.0 29.200 1 999.999 9
2 25.0 29.300 1 999.999 9
2 30.0 29.300 1 999.999 9
2 35.0 29.300 1 999.999 9
2 40.0 29.300 1 999.999 9
2 45.0 29.300 1 999.999 9
2 50.0 29.300 1 999.999 9
2 55.0 29.300 1 999.999 9
2 60.0 29.300 1 999.999 9
2 65.0 29.300 1 999.999 9
2 70.0 29.300 1 999.999 9
2 75.0 28.200 1 999.999 9
2 80.0 27.000 1 999.999 9
2 85.0 25.900 1 999.999 9
2 90.0 25.300 1 999.999 9
2 95.0 24.500 1 999.999 9
2 100.0 23.900 1 999.999 9
2 105.0 23.900 1 999.999 9
2 110.0 23.800 1 999.999 9
2 115.0 23.700 1 999.999 9
2 120.0 23.200 1 999.999 9
2 125.0 22.700 1 999.999 9
2 130.0 22.700 1 999.999 9
2 135.0 22.700 1 999.999 9
1 1966073112 3.283 134.000 1 1 0
2 0.0 29.300 3 999.999 9
2 5.0 16.500 3 999.999 9
2 10.0 29.400 3 999.999 9
2 15.0 29.400 1 999.999 9
2 20.0 29.300 1 999.999 9
2 25.0 29.300 1 999.999 9
2 30.0 29.300 1 999.999 9
2 35.0 29.200 1 999.999 9
2 40.0 29.100 1 999.999 9
2 45.0 28.900 1 999.999 9
2 50.0 28.900 1 999.999 9
2 55.0 28.600 1 999.999 9
2 60.0 27.600 1 999.999 9
2 65.0 26.800 1 999.999 9
2 70.0 26.100 1 999.999 9
2 75.0 25.700 1 999.999 9
2 80.0 25.500 1 999.999 9
2 85.0 25.200 1 999.999 9
2 90.0 24.600 1 999.999 9
2 95.0 24.300 1 999.999 9
2 100.0 24.100 1 999.999 9
2 105.0 23.800 1 999.999 9
2 110.0 23.600 1 999.999 9
2 115.0 22.800 1 999.999 9
2 120.0 22.300 1 999.999 9
2 125.0 22.200 1 999.999 9
2 130.0 21.800 1 999.999 9
2 135.0 21.800 1 999.999 9
1 1966073118 3.567 132.817 1 1 0
2 0.0 28.100 1 999.999 9
2 5.0 28.100 1 999.999 9
2 10.0 28.100 1 999.999 9
2 15.0 28.100 1 999.999 9
2 20.0 28.100 1 999.999 9
2 25.0 28.100 1 999.999 9
2 30.0 28.100 1 999.999 9
2 35.0 28.100 1 999.999 9
2 40.0 28.100 1 999.999 9
2 45.0 28.100 1 999.999 9
2 50.0 28.100 1 999.999 9
2 55.0 28.100 1 999.999 9
2 60.0 28.100 1 999.999 9
2 65.0 28.100 1 999.999 9
2 70.0 28.100 1 999.999 9
2 75.0 28.100 1 999.999 9
2 80.0 28.100 1 999.999 9
2 85.0 27.500 1 999.999 9
2 90.0 27.000 1 999.999 9
1 1966080100 4.183 131.417 1 1 0
2 0.0 28.100 1 999.999 9
2 5.0 28.300 1 999.999 9
2 10.0 28.300 1 999.999 9
2 15.0 28.300 1 999.999 9
2 20.0 28.400 1 999.999 9
2 25.0 28.400 1 999.999 9
2 30.0 28.400 1 999.999 9
2 35.0 28.400 1 999.999 9
2 40.0 28.400 1 999.999 9
2 45.0 28.400 1 999.999 9
2 50.0 28.400 1 999.999 9
2 55.0 28.400 1 999.999 9
2 60.0 28.400 1 999.999 9
2 65.0 28.400 1 999.999 9
2 70.0 28.400 1 999.999 9
2 75.0 28.400 1 999.999 9
2 80.0 28.400 1 999.999 9
2 85.0 28.200 1 999.999 9
2 90.0 28.000 1 999.999 9
1 1966082119 9.317 130.000 1 1 0
2 0.0 29.000 1 999.999 9
2 10.0 29.000 1 999.999 9
2 20.0 29.000 1 999.999 9
2 30.0 28.900 1 999.999 9
2 50.0 28.700 1 999.999 9
2 75.0 27.100 1 999.999 9
2 100.0 24.500 1 999.999 9
2 150.0 17.500 1 999.999 9
2 200.0 13.000 1 999.999 9
1 1966082120 9.317 130.017 1 1 0
2 0.0 29.200 1 999.999 9
2 10.0 29.200 1 999.999 9
2 20.0 29.200 1 999.999 9
2 30.0 29.000 1 999.999 9
2 50.0 28.500 1 999.999 9
2 75.0 27.100 1 999.999 9
2 100.0 24.500 1 999.999 9
2 150.0 17.700 1 999.999 9
2 200.0 12.400 1 999.999 9
1 1966082121 9.017 130.000 7 1 1
2 0.0 29.100 1 34.001 1
2 10.0 29.140 1 34.010 1
2 20.0 29.120 1 34.012 1
2 30.0 29.110 1 34.005 1
2 50.0 28.380 1 34.230 1
2 74.0 26.790 1 34.739 1
2 99.0 24.300 1 34.880 1
2 123.0 21.000 1 34.917 1
2 148.0 17.490 1 34.750 1
2 196.0 12.770 1 34.455 1
2 244.0 10.310 1 34.356 1
2 293.0 9.430 1 34.493 1
2 388.0 8.090 1 34.512 1
2 483.0 7.160 1 34.512 1
2 578.0 6.520 1 34.512 1
2 673.0 5.950 1 34.524 1
2 768.0 5.420 1 34.529 1
2 962.0 4.610 1 34.547 1
2 1157.0 3.760 1 34.572 1
2 1451.0 2.940 1 34.596 1
2 1747.0 2.420 1 34.626 1
1 1966082501 6.967 130.000 1 1 0
2 0.0 29.200 1 999.999 9
2 10.0 29.100 1 999.999 9
2 20.0 29.200 1 999.999 9
2 30.0 28.900 1 999.999 9
2 50.0 28.200 1 999.999 9
2 75.0 27.000 1 999.999 9
2 100.0 22.000 1 999.999 9
2 150.0 15.800 1 999.999 9
2 200.0 12.100 1 999.999 9
1 1966082501 6.967 130.000 7 1 1
2 0.0 29.200 1 33.980 1
2 9.0 29.000 1 33.978 1
2 19.0 29.030 1 34.077 1
2 28.0 28.910 1 34.094 1
2 46.0 28.390 1 34.330 1
2 68.0 27.400 1 34.657 1
2 90.0 24.480 1 34.788 1
2 111.0 19.420 1 34.761 1
2 132.0 16.920 1 34.741 1
2 174.0 13.860 1 34.610 1
2 217.0 11.060 1 34.483 1
2 261.0 9.630 1 34.495 1
2 276.0 9.340 1 34.515 1
2 333.0 8.620 1 34.548 1
2 393.0 8.050 1 34.556 1
2 451.0 7.470 1 34.549 1
2 507.0 7.120 1 34.542 1
2 564.0 6.700 1 34.536 1
2 691.0 5.960 1 34.529 1
2 832.0 5.270 1 34.534 1
2 1065.0 4.180 1 34.559 1
2 1323.0 3.210 1 34.584 1
2 1508.0 2.860 1 34.606 1
1 1966082510 6.583 130.000 1 1 0
2 0.0 29.200 1 999.999 9
2 10.0 29.100 1 999.999 9
2 20.0 29.200 1 999.999 9
2 30.0 28.900 1 999.999 9
2 50.0 28.200 1 999.999 9
2 75.0 27.000 1 999.999 9
2 100.0 22.000 1 999.999 9
2 150.0 15.800 1 999.999 9
2 200.0 12.100 1 999.999 9
1 1966100218 9.717 138.967 1 1 0
2 0.0 29.700 1 999.999 9
2 5.0 29.700 1 999.999 9
2 10.0 29.700 1 999.999 9
2 15.0 29.700 1 999.999 9
2 20.0 29.600 1 999.999 9
2 25.0 29.600 1 999.999 9
2 30.0 29.500 1 999.999 9
2 35.0 29.500 1 999.999 9
2 40.0 29.400 1 999.999 9
2 45.0 29.400 1 999.999 9
2 50.0 29.400 1 999.999 9
2 55.0 29.400 1 999.999 9
2 60.0 29.400 1 999.999 9
2 65.0 29.400 1 999.999 9
2 70.0 29.200 1 999.999 9
2 75.0 28.800 1 999.999 9
2 80.0 28.400 1 999.999 9
2 85.0 28.300 1 999.999 9
2 90.0 28.200 1 999.999 9
2 95.0 28.100 1 999.999 9
2 100.0 27.900 1 999.999 9
2 105.0 27.500 1 999.999 9
2 110.0 27.000 1 999.999 9
2 115.0 26.400 1 999.999 9
2 120.0 25.700 1 999.999 9
2 125.0 24.700 1 999.999 9
2 130.0 24.200 1 999.999 9
2 135.0 23.700 1 999.999 9
2 140.0 22.900 1 999.999 9
2 145.0 22.200 1 999.999 9
2 150.0 21.600 1 999.999 9
2 155.0 20.900 1 999.999 9
2 160.0 20.500 1 999.999 9
2 165.0 20.000 1 999.999 9
2 170.0 19.500 1 999.999 9
1 1966100320 9.167 133.067 1 1 0
2 0.0 29.200 1 999.999 9
2 10.0 29.200 1 999.999 9
2 20.0 29.100 1 999.999 9
2 30.0 28.900 1 999.999 9
2 50.0 28.900 1 999.999 9
2 75.0 28.500 1 999.999 9
2 100.0 27.200 1 999.999 9
2 150.0 20.900 1 999.999 9
2 200.0 15.200 1 999.999 9
2 250.0 12.000 1 999.999 9
1 1966100403 8.317 132.717 1 1 0
2 0.0 29.300 1 999.999 9
2 10.0 29.300 1 999.999 9
2 20.0 29.200 1 999.999 9
2 30.0 29.100 1 999.999 9
2 50.0 28.900 1 999.999 9
2 75.0 28.000 1 999.999 9
2 100.0 26.600 1 999.999 9
2 150.0 18.000 1 999.999 9
2 200.0 13.100 1 999.999 9
2 250.0 10.700 1 999.999 9
1 1966100406 9.617 136.800 1 1 0
2 0.0 30.100 1 999.999 9
2 5.0 30.100 1 999.999 9
2 10.0 30.100 1 999.999 9
2 15.0 30.100 1 999.999 9
2 20.0 30.000 1 999.999 9
2 25.0 29.900 1 999.999 9
2 30.0 29.900 1 999.999 9
2 35.0 29.800 1 999.999 9
2 40.0 29.800 1 999.999 9
2 45.0 29.800 1 999.999 9
2 50.0 29.800 1 999.999 9
2 55.0 29.700 1 999.999 9
2 60.0 29.500 1 999.999 9
2 65.0 29.300 1 999.999 9
2 70.0 29.000 1 999.999 9
2 75.0 28.800 1 999.999 9
2 80.0 28.400 1 999.999 9
2 85.0 28.100 1 999.999 9
2 90.0 27.800 1 999.999 9
2 95.0 27.600 1 999.999 9
2 100.0 27.300 1 999.999 9
2 105.0 27.100 1 999.999 9
2 110.0 26.700 1 999.999 9
2 115.0 26.400 1 999.999 9
2 120.0 25.900 1 999.999 9
2 125.0 25.400 1 999.999 9
2 130.0 24.000 1 999.999 9
2 135.0 22.900 1 999.999 9
2 140.0 22.100 1 999.999 9
2 145.0 21.400 1 999.999 9
2 150.0 20.900 1 999.999 9
2 155.0 20.200 1 999.999 9
2 160.0 19.500 1 999.999 9
2 165.0 18.600 1 999.999 9
2 170.0 17.800 1 999.999 9
1 1966100409 7.550 132.117 1 1 0
2 0.0 29.700 1 999.999 9
2 10.0 29.600 1 999.999 9
2 20.0 29.500 1 999.999 9
2 30.0 29.400 1 999.999 9
2 50.0 29.000 1 999.999 9
2 75.0 27.500 1 999.999 9
2 100.0 25.800 1 999.999 9
2 150.0 19.500 1 999.999 9
2 200.0 18.900 1 999.999 9
2 250.0 11.800 1 999.999 9
1 1966100415 6.567 131.433 1 1 0
2 0.0 29.100 1 999.999 9
2 10.0 29.100 1 999.999 9
2 20.0 29.100 1 999.999 9
2 30.0 29.100 1 999.999 9
2 50.0 29.100 1 999.999 9
2 75.0 28.500 1 999.999 9
2 100.0 24.200 1 999.999 9
2 150.0 19.300 1 999.999 9
2 200.0 15.200 1 999.999 9
2 250.0 12.000 1 999.999 9
1 1966100421 5.817 130.767 1 1 0
2 0.0 29.300 1 999.999 9
2 10.0 29.100 1 999.999 9
2 20.0 28.900 1 999.999 9
2 30.0 28.600 1 999.999 9
2 50.0 28.200 1 999.999 9
2 75.0 27.500 1 999.999 9
2 100.0 26.300 1 999.999 9
2 150.0 22.500 1 999.999 9
2 200.0 21.100 1 999.999 9
2 250.0 12.200 1 999.999 9
1 1966100503 4.917 130.167 1 1 0
2 0.0 29.400 1 999.999 9
2 10.0 29.000 1 999.999 9
2 20.0 28.800 1 999.999 9
2 30.0 28.800 1 999.999 9
2 50.0 28.900 1 999.999 9
2 75.0 28.300 1 999.999 9
2 100.0 26.600 1 999.999 9
2 150.0 23.400 1 999.999 9
2 200.0 19.400 1 999.999 9
2 250.0 16.000 1 999.999 9
1 1966101300 4.500 133.000 1 1 0
2 0.0 30.100 1 999.999 9
2 30.0 29.900 1 999.999 9
2 53.0 28.500 1 999.999 9
2 77.0 28.200 1 999.999 9
2 81.0 28.100 1 999.999 9
2 83.0 28.100 1 999.999 9
2 88.0 27.500 1 999.999 9
2 104.0 27.000 1 999.999 9
2 109.0 26.200 1 999.999 9
2 124.0 25.300 1 999.999 9
2 131.0 23.600 1 999.999 9
2 137.0 23.200 1 999.999 9
1 1966101300 4.500 133.000 1 1 0
2 0.0 30.100 1 999.999 9
2 34.0 30.200 1 999.999 9
2 44.0 29.400 1 999.999 9
2 49.0 28.900 1 999.999 9
2 57.0 28.700 1 999.999 9
2 83.0 28.400 1 999.999 9
2 94.0 27.700 1 999.999 9
2 110.0 27.200 1 999.999 9
2 119.0 26.100 1 999.999 9
2 129.0 25.400 1 999.999 9
2 132.0 23.700 1 999.999 9
2 137.0 23.200 1 999.999 9
1 1966101300 4.500 133.000 1 1 0
2 0.0 30.100 1 999.999 9
2 3.0 30.200 1 999.999 9
2 6.0 30.100 1 999.999 9
2 33.0 30.100 1 999.999 9
2 55.0 28.700 1 999.999 9
2 82.0 28.400 1 999.999 9
2 85.0 28.300 1 999.999 9
2 88.0 28.000 1 999.999 9
2 91.0 27.600 1 999.999 9
2 104.0 27.200 1 999.999 9
2 107.0 26.600 1 999.999 9
2 123.0 25.400 1 999.999 9
2 126.0 23.900 1 999.999 9
2 130.0 23.700 1 999.999 9
2 133.0 23.400 1 999.999 9
2 134.0 22.700 1 999.999 9
2 137.0 22.200 1 999.999 9
1 1966101300 4.500 133.000 1 1 0
2 0.0 30.100 1 999.999 9
2 3.0 30.000 1 999.999 9
2 31.0 30.000 1 999.999 9
2 48.0 28.800 1 999.999 9
2 55.0 28.500 1 999.999 9
2 77.0 28.300 1 999.999 9
2 85.0 27.700 1 999.999 9
2 87.0 27.500 1 999.999 9
2 100.0 27.100 1 999.999 9
2 104.0 26.500 1 999.999 9
2 119.0 25.400 1 999.999 9
2 124.0 23.700 1 999.999 9
2 129.0 23.400 1 999.999 9
2 131.0 22.700 1 999.999 9
2 137.0 22.000 1 999.999 9
1 1966101321 3.000 136.383 1 1 0
2 0.0 29.700 1 999.999 9
2 70.0 29.600 1 999.999 9
2 77.0 29.700 1 999.999 9
2 82.0 29.500 1 999.999 9
2 91.0 29.300 1 999.999 9
2 92.0 28.700 1 999.999 9
2 98.0 28.300 1 999.999 9
2 103.0 26.400 1 999.999 9
2 115.0 26.300 1 999.999 9
2 130.0 24.800 1 999.999 9
2 131.0 24.300 1 999.999 9
2 134.0 24.300 1 999.999 9
2 137.0 23.900 1 999.999 9
1 1966102004 9.100 136.567 1 1 0
2 0.0 30.100 1 999.999 9
2 10.0 29.900 1 999.999 9
2 20.0 29.800 1 999.999 9
2 30.0 29.600 1 999.999 9
2 50.0 29.100 1 999.999 9
2 75.0 28.100 1 999.999 9
2 100.0 26.300 1 999.999 9
2 150.0 20.200 1 999.999 9
2 200.0 13.400 1 999.999 9
2 250.0 11.800 1 999.999 9
1 1966102103 6.750 136.433 1 1 0
2 0.0 30.200 1 999.999 9
2 10.0 30.000 1 999.999 9
2 20.0 29.700 1 999.999 9
2 30.0 29.500 1 999.999 9
2 50.0 29.200 1 999.999 9
2 75.0 28.700 1 999.999 9
2 100.0 25.500 1 999.999 9
2 150.0 17.700 1 999.999 9
2 200.0 12.200 1 999.999 9
2 250.0 10.100 1 999.999 9
1 1966102205 5.717 136.267 1 1 0
2 0.0 29.500 1 999.999 9
2 10.0 29.500 1 999.999 9
2 20.0 29.500 1 999.999 9
2 30.0 29.400 1 999.999 9
2 50.0 29.000 1 999.999 9
2 75.0 27.600 1 999.999 9
2 100.0 25.700 1 999.999 9
2 150.0 19.800 1 999.999 9
2 200.0 12.100 1 999.999 9
2 250.0 10.400 1 999.999 9
1 1966121012 9.667 139.717 1 1 0
2 0.0 28.900 1 999.999 9
2 5.0 28.900 1 999.999 9
2 10.0 28.900 1 999.999 9
2 15.0 28.900 1 999.999 9
2 20.0 28.900 1 999.999 9
2 25.0 28.900 1 999.999 9
2 30.0 28.900 1 999.999 9
2 35.0 28.900 1 999.999 9
2 40.0 28.900 1 999.999 9
2 45.0 28.900 1 999.999 9
2 50.0 28.900 1 999.999 9
2 55.0 28.900 1 999.999 9
2 60.0 28.800 1 999.999 9
2 65.0 28.800 1 999.999 9
2 70.0 28.800 1 999.999 9
2 75.0 28.800 1 999.999 9
2 80.0 28.800 1 999.999 9
2 85.0 28.700 1 999.999 9
2 90.0 28.700 1 999.999 9
2 95.0 28.600 1 999.999 9
2 100.0 28.600 1 999.999 9
2 105.0 28.500 1 999.999 9
2 110.0 28.400 1 999.999 9
2 115.0 28.200 1 999.999 9
2 120.0 27.900 1 999.999 9
2 125.0 27.800 1 999.999 9
2 130.0 27.600 1 999.999 9
2 135.0 27.400 1 999.999 9
2 140.0 27.300 1 999.999 9
2 145.0 27.200 1 999.999 9
2 150.0 27.200 1 999.999 9
2 155.0 26.900 1 999.999 9
2 160.0 26.600 1 999.999 9
2 165.0 26.300 1 999.999 9
2 170.0 26.000 1 999.999 9
2 175.0 25.700 1 999.999 9
2 180.0 25.300 1 999.999 9
2 185.0 24.900 1 999.999 9
2 190.0 24.600 1 999.999 9
2 195.0 24.200 1 999.999 9
2 200.0 23.700 1 999.999 9
2 205.0 23.100 1 999.999 9
2 210.0 22.400 1 999.999 9
2 215.0 21.700 1 999.999 9
2 220.0 21.000 1 999.999 9
2 225.0 20.400 1 999.999 9
2 230.0 19.800 1 999.999 9
2 235.0 19.300 1 999.999 9
2 240.0 19.000 1 999.999 9
2 245.0 18.700 1 999.999 9
2 250.0 18.400 1 999.999 9
2 255.0 18.200 1 999.999 9
2 260.0 17.900 1 999.999 9
2 265.0 17.600 1 999.999 9
2 270.0 17.400 1 999.999 9
