1 1973012105 9.000 136.967 7 1 1
2 0.0 27.300 1 34.676 1
2 6.0 27.200 1 34.681 1
2 16.0 27.080 1 34.690 1
2 33.0 27.020 1 34.690 1
2 52.0 22.820 1 34.765 1
2 73.0 18.300 1 34.776 1
2 93.0 17.010 1 34.715 1
2 115.0 15.290 1 34.660 1
2 137.0 13.480 1 34.577 1
2 160.0 11.980 1 34.531 1
2 183.0 11.410 1 34.529 1
2 206.0 10.940 1 34.531 1
2 231.0 10.260 1 34.549 1
2 257.0 9.400 1 34.573 1
2 355.0 8.280 1 34.558 1
2 411.0 7.900 1 34.566 1
2 468.0 7.440 1 34.560 1
2 525.0 6.890 1 34.539 1
2 617.0 6.510 1 34.533 1
2 801.0 5.430 1 34.528 1
2 989.0 4.430 1 34.553 1
2 1202.0 3.760 1 34.569 1
2 1433.0 3.200 1 34.589 1
1 1973012105 9.000 136.967 1 1 0
2 0.0 27.300 1 999.999 9
2 10.0 27.300 1 999.999 9
2 20.0 27.100 1 999.999 9
2 30.0 27.100 1 999.999 9
2 50.0 26.700 1 999.999 9
2 75.0 18.600 1 999.999 9
2 100.0 17.000 1 999.999 9
2 150.0 13.300 1 999.999 9
2 200.0 11.400 1 999.999 9
2 250.0 9.700 1 999.999 9
1 1973012117 8.067 136.967 1 1 0
2 0.0 27.500 1 999.999 9
2 10.0 27.500 1 999.999 9
2 20.0 27.500 1 999.999 9
2 30.0 27.500 1 999.999 9
2 50.0 25.800 1 999.999 9
2 75.0 18.900 1 999.999 9
2 100.0 13.300 1 999.999 9
2 150.0 11.300 1 999.999 9
2 200.0 10.100 1 999.999 9
2 250.0 9.500 1 999.999 9
1 1973012117 8.067 136.917 7 1 1
2 0.0 27.500 1 34.765 1
2 9.0 27.460 1 34.755 1
2 24.0 27.460 1 34.754 1
2 48.0 27.330 1 34.777 1
2 72.0 19.370 1 34.782 1
2 96.0 14.120 1 34.627 1
2 121.0 11.890 1 34.573 1
2 146.0 11.320 1 34.560 1
2 171.0 10.480 1 34.555 1
2 197.0 10.000 1 34.559 1
2 223.0 9.640 1 34.566 1
2 248.0 9.210 1 34.583 1
2 274.0 8.820 1 34.585 1
2 300.0 8.470 1 34.562 1
2 344.0 8.060 1 34.557 1
2 387.0 7.920 1 34.563 1
2 430.0 7.500 1 34.548 1
2 512.0 7.160 1 34.545 1
2 678.0 5.970 1 34.529 1
2 850.0 5.110 1 34.538 1
2 1040.0 4.280 1 34.556 1
2 1250.0 3.490 1 34.582 1
1 1973012202 7.500 136.967 7 1 1
2 0.0 27.700 1 34.681 1
2 10.0 27.560 1 34.679 1
2 25.0 27.460 1 34.677 1
2 51.0 22.250 1 34.847 1
2 77.0 16.740 1 34.723 1
2 102.0 14.870 1 34.641 1
2 134.0 11.800 1 34.550 1
2 161.0 10.660 1 34.550 1
2 188.0 9.730 1 34.549 1
2 216.0 9.530 1 34.563 1
2 244.0 9.290 1 34.570 1
2 272.0 8.890 1 34.564 1
2 301.0 8.520 1 34.564 1
2 330.0 8.450 1 34.590 1
2 361.0 8.130 1 34.574 1
2 411.0 7.680 1 34.551 1
2 462.0 7.460 1 34.550 1
2 513.0 7.170 1 34.546 1
2 619.0 6.700 1 34.533 1
1 1973012202 7.500 137.000 1 1 0
2 0.0 27.700 1 999.999 9
2 10.0 27.500 1 999.999 9
2 20.0 27.500 1 999.999 9
2 30.0 27.500 1 999.999 9
2 50.0 26.900 1 999.999 9
2 75.0 19.100 1 999.999 9
2 100.0 15.600 1 999.999 9
2 150.0 12.000 1 999.999 9
2 200.0 9.900 1 999.999 9
2 250.0 9.600 1 999.999 9
1 1973012206 7.000 137.017 1 1 0
2 0.0 27.700 1 999.999 9
2 10.0 27.700 1 999.999 9
2 20.0 27.700 1 999.999 9
2 30.0 27.600 1 999.999 9
2 50.0 27.500 1 999.999 9
2 75.0 19.700 1 999.999 9
2 100.0 15.400 1 999.999 9
2 150.0 12.600 1 999.999 9
2 200.0 10.700 1 999.999 9
2 250.0 9.400 1 999.999 9
1 1973012206 7.000 137.000 7 1 1
2 0.0 27.800 1 34.641 1
2 11.0 27.720 1 34.641 1
2 27.0 27.650 1 34.641 1
2 55.0 27.580 1 34.643 1
2 82.0 19.060 1 34.758 1
2 110.0 14.520 1 34.605 1
2 137.0 13.340 1 34.590 1
2 165.0 11.480 1 34.549 1
2 192.0 10.710 1 34.533 1
2 220.0 9.950 1 34.554 1
2 247.0 9.140 1 34.541 1
2 275.0 8.930 1 34.587 1
2 303.0 8.580 1 34.590 1
2 330.0 8.380 1 34.589 1
2 381.0 7.960 1 34.580 1
2 440.0 7.580 1 34.566 1
2 499.0 7.310 1 34.567 1
2 557.0 6.970 1 34.551 1
2 675.0 6.300 1 34.537 1
2 910.0 4.970 1 34.540 1
2 1145.0 3.740 1 34.568 1
2 1380.0 3.140 1 34.590 1
2 1616.0 2.690 1 34.610 1
1 1973012216 6.467 137.017 7 1 1
2 0.0 27.700 1 34.573 1
2 10.0 27.710 1 34.568 1
2 25.0 27.710 1 34.580 1
2 50.0 22.540 1 34.735 1
2 75.0 17.980 1 34.734 1
2 100.0 15.790 1 34.661 1
2 125.0 13.270 1 34.552 1
2 150.0 11.370 1 34.492 1
2 175.0 10.060 1 34.483 1
2 200.0 9.240 1 34.520 1
2 225.0 8.940 1 34.538 1
2 250.0 8.630 1 34.552 1
2 275.0 8.550 1 34.582 1
2 300.0 8.220 1 34.545 1
2 381.0 7.820 1 34.579 1
2 436.0 7.300 1 34.566 1
2 490.0 7.020 1 0.000 9
2 545.0 6.560 1 34.550 1
2 654.0 6.120 1 34.539 1
1 1973012216 6.467 137.017 1 1 0
2 0.0 27.700 1 999.999 9
2 10.0 27.700 1 999.999 9
2 20.0 27.700 1 999.999 9
2 30.0 27.700 1 999.999 9
2 50.0 22.000 1 999.999 9
2 75.0 18.100 1 999.999 9
2 100.0 16.200 1 999.999 9
2 150.0 11.400 1 999.999 9
2 200.0 9.500 1 999.999 9
2 250.0 8.900 1 999.999 9
1 1973012219 6.000 137.017 1 1 0
2 0.0 27.400 1 999.999 9
2 10.0 27.400 1 999.999 9
2 20.0 27.400 1 999.999 9
2 30.0 27.400 1 999.999 9
2 50.0 27.400 1 999.999 9
2 75.0 23.500 1 999.999 9
2 100.0 18.300 1 999.999 9
2 150.0 12.400 1 999.999 9
2 200.0 9.700 1 999.999 9
2 250.0 8.300 1 999.999 9
1 1973012220 6.017 137.017 7 1 1
2 0.0 27.500 1 34.555 1
2 10.0 27.430 1 34.543 1
2 26.0 27.420 1 34.538 1
2 52.0 27.430 1 34.544 1
2 78.0 23.710 1 34.888 1
2 105.0 17.360 1 34.729 1
2 131.0 14.900 1 34.617 1
2 157.0 12.300 1 34.494 1
2 183.0 10.240 1 34.457 1
2 208.0 9.160 1 34.416 1
2 233.0 8.300 1 34.411 1
2 259.0 8.520 1 34.533 1
2 285.0 8.260 1 34.551 1
2 312.0 8.140 1 34.569 1
2 335.0 8.140 1 34.558 1
2 385.0 7.680 1 34.564 1
2 436.0 7.260 1 34.547 1
2 484.0 6.970 1 34.542 1
2 583.0 6.230 1 34.530 1
2 783.0 5.360 1 34.538 1
2 1000.0 4.520 1 34.553 1
2 1225.0 3.710 1 34.574 1
2 1466.0 3.120 1 34.593 1
1 1973012305 5.517 137.000 7 1 1
2 0.0 28.000 1 34.702 1
2 10.0 27.640 1 34.701 1
2 25.0 27.520 1 34.697 1
2 51.0 27.520 1 34.698 1
2 78.0 27.150 1 34.652 1
2 105.0 20.260 1 34.853 1
2 131.0 15.880 1 34.668 1
2 158.0 13.340 1 34.548 1
2 185.0 11.200 1 34.452 1
2 212.0 10.010 1 34.413 1
2 238.0 9.170 1 34.431 1
2 265.0 8.400 1 34.435 1
2 292.0 8.630 1 34.575 1
2 320.0 8.180 1 34.553 1
2 361.0 7.910 1 34.564 1
2 418.0 7.420 1 34.534 1
2 475.0 6.830 1 34.529 1
2 533.0 6.380 1 34.534 1
2 648.0 5.710 1 34.537 1
1 1973012305 5.517 137.000 1 1 0
2 0.0 27.900 1 999.999 9
2 10.0 27.500 1 999.999 9
2 20.0 27.500 1 999.999 9
2 30.0 27.400 1 999.999 9
2 50.0 27.400 1 999.999 9
2 75.0 27.300 1 999.999 9
2 100.0 21.400 1 999.999 9
2 150.0 13.900 1 999.999 9
2 200.0 10.100 1 999.999 9
2 250.0 8.500 1 999.999 9
1 1973012308 5.000 137.017 1 1 0
2 0.0 28.200 1 999.999 9
2 10.0 28.100 1 999.999 9
2 20.0 28.100 1 999.999 9
2 30.0 28.000 1 999.999 9
2 50.0 27.900 1 999.999 9
2 75.0 27.600 1 999.999 9
2 100.0 26.200 1 999.999 9
2 150.0 16.200 1 999.999 9
2 200.0 11.300 1 999.999 9
2 250.0 9.300 1 999.999 9
1 1973012308 5.017 137.017 7 1 1
2 0.0 28.200 1 34.919 1
2 11.0 28.140 1 34.921 1
2 27.0 28.020 1 34.923 1
2 55.0 27.940 1 34.917 1
2 82.0 27.500 1 34.860 1
2 110.0 25.090 1 34.867 1
2 137.0 19.060 1 34.819 1
2 165.0 15.000 1 34.624 1
2 192.0 12.460 1 34.477 1
2 220.0 9.900 1 34.391 1
2 247.0 9.340 1 34.465 1
2 275.0 8.810 1 34.490 1
2 290.0 8.680 1 34.552 1
2 302.0 8.910 1 34.627 1
2 330.0 8.810 1 34.629 1
2 367.0 7.940 1 34.532 1
2 406.0 7.400 1 34.516 1
2 482.0 6.820 1 34.527 1
2 635.0 5.640 1 34.534 1
2 789.0 5.210 1 34.540 1
2 947.0 4.640 1 34.551 1
2 1128.0 4.040 1 34.566 1
1 1973012319 4.467 137.017 7 1 1
2 0.0 27.900 1 34.911 1
2 12.0 27.900 1 34.919 1
2 30.0 27.910 1 34.919 1
2 60.0 27.810 1 34.938 1
2 90.0 27.810 1 34.941 1
2 119.0 24.140 1 34.975 1
2 149.0 18.590 1 34.820 1
2 179.0 14.380 1 34.583 1
2 209.0 11.800 1 34.461 1
2 239.0 9.600 1 34.392 1
2 269.0 9.630 1 34.505 1
2 299.0 9.240 1 34.560 1
2 329.0 8.630 1 34.529 1
2 358.0 8.400 1 34.535 1
2 408.0 7.600 1 34.559 1
2 450.0 7.340 1 34.548 1
2 514.0 6.680 1 34.538 1
2 579.0 6.300 1 34.537 1
2 644.0 6.120 1 34.544 1
2 774.0 5.640 1 34.535 1
1 1973012319 4.467 137.017 1 1 0
2 0.0 28.000 1 999.999 9
2 10.0 28.000 1 999.999 9
2 20.0 28.000 1 999.999 9
2 30.0 28.000 1 999.999 9
2 50.0 27.900 1 999.999 9
2 75.0 27.900 1 999.999 9
2 100.0 25.400 1 999.999 9
2 150.0 18.700 1 999.999 9
2 200.0 12.400 1 999.999 9
2 250.0 10.000 1 999.999 9
1 1973012323 4.000 137.000 7 1 1
2 0.0 28.100 1 34.925 1
2 10.0 27.950 1 34.942 1
2 24.0 27.920 1 34.937 1
2 48.0 27.910 1 34.932 1
2 72.0 27.710 1 34.943 1
2 96.0 25.300 1 34.747 1
2 120.0 22.800 1 34.794 1
2 144.0 19.750 1 34.718 1
2 168.0 17.180 1 34.744 1
2 191.0 13.380 1 34.552 1
2 218.0 11.760 1 34.507 1
2 246.0 10.830 1 34.669 1
2 274.0 10.410 1 34.723 1
2 303.0 10.080 1 34.736 1
2 435.0 7.400 1 34.554 1
2 495.0 6.800 1 34.539 1
2 555.0 6.480 1 34.556 1
2 615.0 6.360 1 34.555 1
2 735.0 5.960 1 34.539 1
2 975.0 4.920 1 34.548 1
2 1215.0 3.910 1 34.571 1
2 1455.0 3.280 1 34.592 1
2 1695.0 2.740 1 34.618 1
1 1973012323 4.000 137.000 1 1 0
2 0.0 28.100 1 999.999 9
2 10.0 28.100 1 999.999 9
2 20.0 28.100 1 999.999 9
2 30.0 28.000 1 999.999 9
2 50.0 28.000 1 999.999 9
2 75.0 27.800 1 999.999 9
2 100.0 23.800 1 999.999 9
2 150.0 18.600 1 999.999 9
2 200.0 13.600 1 999.999 9
2 250.0 11.200 1 999.999 9
1 1973012408 3.500 137.017 7 1 1
2 0.0 28.400 1 34.939 1
2 10.0 28.160 1 34.948 1
2 24.0 28.010 1 34.939 1
2 48.0 27.470 1 34.915 1
2 70.0 27.150 1 34.880 1
2 92.0 25.000 1 34.802 1
2 114.0 22.570 1 34.844 1
2 135.0 21.180 1 34.717 1
2 157.0 19.120 1 34.796 1
2 180.0 16.170 1 34.634 1
2 203.0 13.710 1 34.790 1
2 229.0 12.260 1 34.676 1
2 255.0 12.060 1 34.761 1
2 282.0 11.480 1 34.824 1
2 370.0 9.790 1 34.745 1
2 423.0 8.830 1 34.655 1
2 476.0 7.930 1 34.607 1
2 529.0 7.300 1 34.576 1
2 634.0 6.700 1 34.563 1
1 1973012408 3.500 137.017 1 1 0
2 0.0 28.400 1 999.999 9
2 10.0 28.100 1 999.999 9
2 20.0 28.100 1 999.999 9
2 30.0 27.900 1 999.999 9
2 50.0 27.500 1 999.999 9
2 75.0 26.800 1 999.999 9
2 100.0 24.000 1 999.999 9
2 150.0 19.600 1 999.999 9
2 200.0 15.600 1 999.999 9
2 250.0 12.300 1 999.999 9
1 1973012412 3.017 136.967 1 1 0
2 0.0 28.200 1 999.999 9
2 10.0 28.200 1 999.999 9
2 20.0 28.000 1 999.999 9
2 30.0 27.900 1 999.999 9
2 50.0 26.400 1 999.999 9
2 75.0 24.800 1 999.999 9
2 100.0 23.300 1 999.999 9
2 150.0 20.100 1 999.999 9
2 200.0 16.600 1 999.999 9
2 250.0 11.600 1 999.999 9
1 1973012412 3.000 136.967 7 1 1
2 0.0 28.200 1 34.959 1
2 11.0 28.140 1 34.965 1
2 27.0 27.980 1 34.957 1
2 54.0 26.430 1 34.868 1
2 82.0 24.640 1 34.895 1
2 109.0 22.170 1 35.071 1
2 137.0 20.200 1 34.894 1
2 166.0 18.320 1 34.692 1
2 194.0 16.420 1 34.809 1
2 223.0 13.270 1 34.568 1
2 252.0 11.640 1 34.537 1
2 282.0 10.110 1 34.454 1
2 311.0 10.080 1 34.590 1
2 341.0 9.950 1 34.740 1
2 373.0 9.070 1 34.629 1
2 433.0 8.350 1 34.620 1
2 492.0 7.910 1 34.601 1
2 552.0 7.200 1 34.565 1
2 672.0 6.490 1 34.540 1
2 921.0 5.530 1 34.543 1
2 1171.0 4.100 1 34.566 1
2 1421.0 3.260 1 34.591 1
2 1673.0 2.660 1 34.613 1
1 1973012420 2.500 136.967 7 1 1
2 0.0 28.000 1 35.048 1
2 10.0 28.120 1 34.983 1
2 24.0 28.030 1 34.971 1
2 48.0 26.080 1 34.834 1
2 72.0 24.020 1 34.844 1
2 95.0 23.300 1 35.159 1
2 119.0 20.300 1 34.840 1
2 142.0 18.200 1 34.666 1
2 166.0 17.120 1 34.679 1
2 191.0 17.040 1 34.945 1
2 215.0 13.730 1 34.788 1
2 240.0 11.460 1 34.523 1
2 264.0 11.770 1 34.747 1
2 289.0 10.820 1 34.662 1
2 402.0 8.960 1 34.655 1
2 461.0 8.310 1 34.626 1
2 520.0 7.870 1 34.597 1
2 579.0 7.280 1 34.571 1
2 698.0 6.460 1 34.543 1
1 1973012420 2.500 137.000 1 1 0
2 0.0 28.100 1 999.999 9
2 10.0 28.200 1 999.999 9
2 20.0 28.200 1 999.999 9
2 30.0 27.800 1 999.999 9
2 50.0 26.100 1 999.999 9
2 75.0 24.200 1 999.999 9
2 100.0 23.300 1 999.999 9
2 150.0 18.200 1 999.999 9
2 200.0 15.000 1 999.999 9
2 250.0 11.900 1 999.999 9
1 1973012505 1.967 137.000 7 1 1
2 0.0 29.000 1 34.978 1
2 10.0 28.170 1 34.970 1
2 25.0 27.850 1 34.990 1
2 50.0 25.170 1 35.221 1
2 75.0 24.380 1 35.300 1
2 99.0 21.720 1 34.980 1
2 124.0 21.260 1 35.260 1
2 149.0 19.400 1 35.205 1
2 174.0 18.620 1 35.259 1
2 200.0 15.510 1 34.950 1
2 226.0 12.990 1 34.647 1
2 254.0 12.410 1 34.864 1
2 282.0 11.520 1 34.803 1
2 310.0 11.000 1 34.790 1
2 382.0 9.980 1 34.754 1
2 436.0 9.150 1 34.692 1
2 490.0 8.520 1 34.647 1
2 544.0 7.980 1 34.607 1
2 645.0 6.920 1 34.562 1
2 842.0 5.890 1 34.550 1
2 1039.0 4.570 1 34.553 1
2 1234.0 3.620 1 34.580 1
2 1427.0 3.170 1 34.600 1
1 1973012505 1.967 137.017 1 1 0
2 0.0 28.900 1 999.999 9
2 10.0 28.200 1 999.999 9
2 20.0 28.000 1 999.999 9
2 30.0 27.700 1 999.999 9
2 50.0 25.200 1 999.999 9
2 75.0 24.500 1 999.999 9
2 100.0 23.700 1 999.999 9
2 150.0 20.000 1 999.999 9
2 200.0 17.000 1 999.999 9
2 250.0 12.700 1 999.999 9
1 1973012516 1.517 136.967 1 1 0
2 0.0 28.200 1 999.999 9
2 10.0 28.200 1 999.999 9
2 20.0 28.100 1 999.999 9
2 30.0 27.700 1 999.999 9
2 50.0 25.700 1 999.999 9
2 75.0 24.500 1 999.999 9
2 100.0 23.900 1 999.999 9
2 150.0 20.400 1 999.999 9
2 200.0 17.100 1 999.999 9
2 250.0 12.300 1 999.999 9
1 1973012516 1.517 136.967 7 1 1
2 0.0 28.200 1 34.971 1
2 10.0 28.140 1 34.977 1
2 26.0 27.940 1 34.982 1
2 52.0 25.420 1 35.201 1
2 78.0 23.840 1 35.057 1
2 105.0 23.850 1 35.308 1
2 131.0 21.770 1 35.073 1
2 158.0 19.360 1 34.926 1
2 184.0 16.920 1 34.831 1
2 212.0 14.560 1 34.707 1
2 239.0 12.520 1 34.739 1
2 266.0 11.580 1 34.755 1
2 293.0 11.520 1 34.844 1
2 321.0 10.980 1 34.811 1
2 387.0 9.680 1 34.707 1
2 444.0 8.940 1 34.659 1
2 502.0 8.160 1 34.612 1
2 560.0 7.520 1 34.582 1
2 678.0 6.400 1 34.544 1
1 1973012601 1.000 137.000 7 1 1
2 0.0 28.300 1 34.994 1
2 11.0 28.070 1 35.002 1
2 27.0 27.500 1 34.072 1
2 54.0 25.120 1 35.203 1
2 80.0 23.540 1 35.246 1
2 107.0 21.900 1 35.020 1
2 134.0 20.510 1 34.990 1
2 161.0 18.440 1 34.847 1
2 187.0 17.440 1 35.146 1
2 215.0 16.230 1 34.919 1
2 242.0 13.810 1 34.687 1
2 270.0 12.470 1 34.803 1
2 297.0 11.840 1 34.866 1
2 324.0 11.040 1 34.805 1
2 384.0 10.130 1 34.750 1
2 437.0 9.300 1 34.693 1
2 490.0 3.310 1 34.637 1
2 543.0 7.660 1 34.590 1
2 648.0 6.450 1 34.559 1
2 847.0 5.410 1 34.538 1
2 1052.0 4.280 1 34.560 1
2 1257.0 3.470 1 34.586 1
2 1465.0 3.120 1 34.595 1
1 1973012601 1.000 137.000 1 1 0
2 0.0 28.200 1 999.999 9
2 10.0 28.100 1 999.999 9
2 20.0 28.000 1 999.999 9
2 30.0 26.300 1 999.999 9
2 50.0 25.300 1 999.999 9
2 75.0 23.400 1 999.999 9
2 100.0 22.300 1 999.999 9
2 150.0 18.800 1 999.999 9
2 200.0 16.500 1 999.999 9
2 250.0 12.600 1 999.999 9
1 1973012610 0.500 136.967 7 1 1
2 0.0 28.200 1 34.872 1
2 10.0 28.160 1 34.978 1
2 24.0 28.070 1 34.993 1
2 48.0 25.680 1 35.266 1
2 72.0 24.440 1 35.241 1
2 97.0 23.260 1 35.210 1
2 119.0 22.340 1 35.258 1
2 141.0 20.630 1 35.072 1
2 161.0 20.940 1 35.270 1
2 183.0 17.780 1 35.348 1
2 207.0 17.040 1 35.319 1
2 232.0 14.760 1 34.849 1
2 257.0 13.220 1 34.935 1
2 283.0 12.790 1 34.974 1
2 370.0 10.520 1 34.778 1
2 428.0 9.720 1 34.720 1
2 486.0 8.590 1 34.646 1
2 544.0 8.020 1 34.609 1
2 661.0 6.600 1 34.556 1
1 1973012610 0.500 136.967 1 1 0
2 0.0 28.200 1 999.999 9
2 10.0 28.200 1 999.999 9
2 20.0 28.100 1 999.999 9
2 30.0 28.000 1 999.999 9
2 50.0 25.700 1 999.999 9
2 75.0 24.400 1 999.999 9
2 100.0 23.200 1 999.999 9
2 150.0 21.000 1 999.999 9
2 200.0 17.300 1 999.999 9
2 250.0 13.300 1 999.999 9
1 1973012618 0.000 137.000 1 1 0
2 0.0 28.200 1 999.999 9
2 10.0 28.200 1 999.999 9
2 20.0 28.200 1 999.999 9
2 30.0 28.200 1 999.999 9
2 50.0 25.300 1 999.999 9
2 75.0 23.900 1 999.999 9
2 100.0 22.600 1 999.999 9
2 150.0 21.800 1 999.999 9
2 200.0 18.400 1 999.999 9
2 250.0 15.300 1 999.999 9
1 1973012706 0.467 137.000 7 1 1
2 0.0 28.600 1 34.807 1
2 10.0 28.440 1 34.814 1
2 25.0 28.430 1 34.811 1
2 50.0 26.460 1 35.207 1
2 75.0 24.110 1 0.000 9
2 99.0 22.870 1 35.342 1
2 124.0 22.700 1 35.400 1
2 149.0 21.090 1 35.521 1
2 174.0 19.750 1 35.508 1
2 199.0 16.700 1 35.316 1
2 224.0 16.130 1 35.260 1
2 249.0 14.590 1 35.163 1
2 273.0 13.540 1 35.075 1
2 298.0 12.430 1 34.982 1
2 350.0 10.840 1 34.818 1
2 400.0 10.120 1 34.754 1
2 450.0 9.580 1 34.717 1
2 500.0 8.410 1 34.644 1
2 620.0 6.710 1 34.567 1
1 1973012715 0.867 137.017 7 1 1
2 0.0 28.600 1 34.131 1
2 11.0 28.610 1 34.113 1
2 27.0 28.600 1 34.616 1
2 54.0 25.490 1 35.294 1
2 81.0 23.730 1 35.372 1
2 109.0 23.040 1 35.356 1
2 136.0 22.650 1 35.475 1
2 164.0 20.860 1 35.533 1
2 191.0 17.440 1 35.358 1
2 218.0 16.060 1 35.264 1
2 245.0 13.920 1 35.102 1
2 273.0 12.080 1 34.952 1
2 300.0 11.460 1 34.895 1
2 328.0 10.600 1 34.795 1
2 409.0 9.750 1 34.728 1
2 467.0 8.850 1 34.670 1
2 526.0 7.780 1 34.600 1
2 584.0 7.020 1 34.568 1
2 699.0 5.910 1 34.542 1
2 926.0 4.970 1 34.537 1
2 1158.0 3.990 1 34.560 1
2 1394.0 3.160 1 34.592 1
2 1633.0 2.710 1 34.613 1
1 1973012715 0.867 137.000 1 1 0
2 0.0 28.600 1 999.999 9
2 10.0 28.600 1 999.999 9
2 20.0 28.600 1 999.999 9
2 30.0 28.500 1 999.999 9
2 50.0 26.500 1 999.999 9
2 75.0 23.800 1 999.999 9
2 100.0 23.300 1 999.999 9
2 150.0 21.400 1 999.999 9
2 200.0 17.200 1 999.999 9
2 250.0 13.800 1 999.999 9
1 1973021300 2.700 139.400 1 1 0
2 0.0 28.700 1 999.999 9
2 10.0 28.600 1 999.999 9
2 20.0 28.400 1 999.999 9
2 30.0 28.100 1 999.999 9
2 50.0 26.700 1 999.999 9
2 75.0 23.700 1 999.999 9
2 100.0 22.800 1 999.999 9
2 150.0 18.600 1 999.999 9
2 200.0 14.200 1 999.999 9
2 250.0 12.900 1 999.999 9
1 1973021306 2.083 138.667 1 1 0
2 0.0 28.400 1 999.999 9
2 10.0 28.100 1 999.999 9
2 20.0 27.900 1 999.999 9
2 30.0 27.500 1 999.999 9
2 50.0 26.400 1 999.999 9
2 75.0 24.700 1 999.999 9
2 100.0 22.800 1 999.999 9
2 150.0 18.700 1 999.999 9
2 200.0 14.700 1 999.999 9
2 250.0 12.200 1 999.999 9
1 1973021312 1.500 137.883 1 1 0
2 0.0 28.500 1 999.999 9
2 10.0 28.200 1 999.999 9
2 20.0 27.800 1 999.999 9
2 30.0 27.200 1 999.999 9
2 50.0 24.800 1 999.999 9
2 75.0 23.400 1 999.999 9
2 100.0 22.200 1 999.999 9
2 150.0 17.600 1 999.999 9
2 200.0 15.600 1 999.999 9
2 250.0 13.800 1 999.999 9
1 1973021318 1.000 137.167 1 1 0
2 0.0 28.600 1 999.999 9
2 10.0 28.300 1 999.999 9
2 20.0 28.000 1 999.999 9
2 30.0 27.500 1 999.999 9
2 50.0 25.200 1 999.999 9
2 75.0 23.700 1 999.999 9
2 100.0 22.800 1 999.999 9
2 150.0 19.400 1 999.999 9
2 200.0 16.900 1 999.999 9
2 250.0 14.900 1 999.999 9
1 1973021400 0.017 136.717 1 1 0
2 0.0 28.700 1 999.999 9
2 10.0 28.500 1 999.999 9
2 20.0 28.300 1 999.999 9
2 30.0 27.900 1 999.999 9
2 50.0 25.200 1 999.999 9
2 75.0 24.000 1 999.999 9
2 100.0 22.900 1 999.999 9
2 150.0 19.600 1 999.999 9
2 200.0 16.200 1 999.999 9
2 250.0 12.800 1 999.999 9
1 1973031306 4.700 130.267 1 1 0
2 0.0 27.500 1 999.999 9
2 10.0 27.500 1 999.999 9
2 20.0 27.500 1 999.999 9
2 30.0 27.200 1 999.999 9
2 50.0 25.900 1 999.999 9
2 75.0 23.800 1 999.999 9
2 100.0 22.700 1 999.999 9
2 150.0 21.000 1 999.999 9
2 200.0 16.200 1 999.999 9
2 250.0 14.000 1 999.999 9
1 1973031312 5.100 131.017 1 1 0
2 0.0 27.600 1 999.999 9
2 10.0 27.600 1 999.999 9
2 20.0 27.600 1 999.999 9
2 30.0 27.500 1 999.999 9
2 50.0 27.100 1 999.999 9
2 75.0 26.600 1 999.999 9
2 100.0 25.000 1 999.999 9
2 150.0 21.100 1 999.999 9
2 200.0 18.000 1 999.999 9
2 250.0 12.100 1 999.999 9
1 1973031318 5.883 131.283 1 1 0
2 0.0 27.300 1 999.999 9
2 10.0 27.100 1 999.999 9
2 20.0 27.000 1 999.999 9
2 30.0 26.800 1 999.999 9
2 50.0 26.500 1 999.999 9
2 75.0 26.500 1 999.999 9
2 100.0 26.500 1 999.999 9
2 150.0 19.000 1 999.999 9
2 200.0 12.500 1 999.999 9
2 250.0 8.600 1 999.999 9
1 1973031400 6.650 131.617 1 1 0
2 0.0 27.100 1 999.999 9
2 10.0 27.100 1 999.999 9
2 20.0 27.000 1 999.999 9
2 30.0 27.000 1 999.999 9
2 50.0 26.900 1 999.999 9
2 75.0 26.800 1 999.999 9
2 100.0 20.000 1 999.999 9
2 150.0 14.500 1 999.999 9
2 200.0 9.300 1 999.999 9
2 250.0 9.700 1 999.999 9
1 1973031406 7.533 131.950 1 1 0
2 0.0 27.100 1 999.999 9
2 10.0 27.100 1 999.999 9
2 20.0 27.000 1 999.999 9
2 30.0 27.000 1 999.999 9
2 50.0 26.900 1 999.999 9
2 75.0 23.500 1 999.999 9
2 100.0 19.000 1 999.999 9
2 150.0 13.500 1 999.999 9
2 200.0 9.000 1 999.999 9
2 250.0 9.000 1 999.999 9
1 1973031412 8.767 132.250 1 1 0
2 0.0 27.300 1 999.999 9
2 10.0 27.200 1 999.999 9
2 20.0 27.100 1 999.999 9
2 30.0 27.100 1 999.999 9
2 50.0 27.100 1 999.999 9
2 75.0 21.600 1 999.999 9
2 100.0 18.400 1 999.999 9
2 150.0 14.500 1 999.999 9
2 200.0 11.000 1 999.999 9
2 250.0 8.000 1 999.999 9
1 1973031418 9.083 133.083 1 1 0
2 0.0 27.400 1 999.999 9
2 10.0 27.200 1 999.999 9
2 20.0 27.100 1 999.999 9
2 30.0 27.000 1 999.999 9
2 50.0 26.900 1 999.999 9
2 75.0 25.000 1 999.999 9
2 100.0 20.500 1 999.999 9
2 150.0 14.300 1 999.999 9
2 200.0 11.600 1 999.999 9
2 250.0 9.800 1 999.999 9
1 1973031500 9.433 134.100 1 1 0
2 0.0 27.300 1 999.999 9
2 10.0 27.200 1 999.999 9
2 20.0 27.100 1 999.999 9
2 30.0 27.100 1 999.999 9
2 50.0 27.000 1 999.999 9
2 75.0 27.000 1 999.999 9
2 100.0 27.000 1 999.999 9
2 150.0 18.500 1 999.999 9
2 200.0 12.500 1 999.999 9
2 250.0 10.500 1 999.999 9
1 1973041700 8.217 130.000 1 1 0
2 0.0 27.900 1 999.999 9
2 10.0 27.900 1 999.999 9
2 20.0 27.900 1 999.999 9
2 30.0 27.900 1 999.999 9
2 50.0 27.700 1 999.999 9
2 70.0 27.300 1 999.999 9
2 80.0 24.100 1 999.999 9
2 100.0 21.600 1 999.999 9
2 150.0 16.300 1 999.999 9
2 200.0 12.500 1 999.999 9
1 1973041706 7.317 130.117 1 1 0
2 0.0 28.100 1 999.999 9
2 10.0 28.000 1 999.999 9
2 20.0 27.900 1 999.999 9
2 30.0 27.900 1 999.999 9
2 50.0 27.700 1 999.999 9
2 74.0 27.200 1 999.999 9
2 80.0 25.400 1 999.999 9
2 100.0 22.400 1 999.999 9
2 150.0 13.700 1 999.999 9
2 183.0 10.800 1 999.999 9
2 200.0 10.900 1 999.999 9
1 1973041712 6.400 130.367 1 1 0
2 0.0 28.800 1 999.999 9
2 10.0 28.800 1 999.999 9
2 20.0 28.700 1 999.999 9
2 30.0 28.700 1 999.999 9
2 50.0 28.300 1 999.999 9
2 68.0 26.400 1 999.999 9
2 75.0 26.300 1 999.999 9
2 100.0 25.900 1 999.999 9
2 104.0 25.900 1 999.999 9
2 120.0 23.900 1 999.999 9
2 130.0 23.800 1 999.999 9
2 140.0 23.100 1 999.999 9
2 142.0 23.200 1 999.999 9
2 147.0 21.900 1 999.999 9
2 150.0 21.700 1 999.999 9
2 158.0 21.000 1 999.999 9
2 163.0 19.400 1 999.999 9
2 180.0 19.000 1 999.999 9
2 200.0 15.700 1 999.999 9
1 1973041718 5.617 130.567 1 1 0
2 0.0 28.800 1 999.999 9
2 10.0 28.800 1 999.999 9
2 20.0 28.800 1 999.999 9
2 30.0 28.800 1 999.999 9
2 50.0 28.600 1 999.999 9
2 60.0 28.600 1 999.999 9
2 75.0 27.600 1 999.999 9
2 90.0 25.600 1 999.999 9
2 100.0 25.200 1 999.999 9
2 112.0 24.800 1 999.999 9
2 134.0 24.800 1 999.999 9
2 140.0 24.900 1 999.999 9
2 150.0 23.200 1 999.999 9
2 154.0 22.600 1 999.999 9
2 170.0 23.400 1 999.999 9
2 180.0 23.100 1 999.999 9
2 190.0 22.500 1 999.999 9
2 200.0 21.000 1 999.999 9
1 1973041800 5.183 130.633 1 1 0
2 0.0 28.800 1 999.999 9
2 10.0 28.800 1 999.999 9
2 20.0 28.800 1 999.999 9
2 30.0 28.800 1 999.999 9
2 50.0 28.800 1 999.999 9
2 60.0 28.700 1 999.999 9
2 75.0 27.800 1 999.999 9
2 90.0 26.100 1 999.999 9
2 100.0 25.800 1 999.999 9
2 110.0 25.400 1 999.999 9
2 120.0 24.500 1 999.999 9
2 130.0 24.000 1 999.999 9
2 150.0 23.800 1 999.999 9
2 170.0 23.600 1 999.999 9
2 200.0 20.400 1 999.999 9
1 1973041812 4.750 131.100 1 1 0
2 0.0 29.300 1 999.999 9
2 10.0 29.300 1 999.999 9
2 20.0 29.100 1 999.999 9
2 30.0 28.900 1 999.999 9
2 50.0 28.700 1 999.999 9
2 75.0 27.900 1 999.999 9
2 100.0 26.300 1 999.999 9
2 135.0 23.900 1 999.999 9
2 150.0 23.800 1 999.999 9
2 170.0 23.800 1 999.999 9
2 200.0 21.700 1 999.999 9
1 1973041818 3.917 131.117 1 1 0
2 0.0 29.100 1 999.999 9
2 10.0 29.100 1 999.999 9
2 20.0 29.000 1 999.999 9
2 30.0 29.000 1 999.999 9
2 50.0 28.800 1 999.999 9
2 75.0 27.900 1 999.999 9
2 100.0 26.100 1 999.999 9
2 135.0 24.000 1 999.999 9
2 150.0 23.900 1 999.999 9
2 170.0 13.700 1 999.999 9
2 200.0 21.500 1 999.999 9
1 1973041900 3.083 131.133 1 1 0
2 0.0 29.400 1 999.999 9
2 10.0 29.400 1 999.999 9
2 20.0 29.400 1 999.999 9
2 30.0 29.400 1 999.999 9
2 40.0 29.400 1 999.999 9
2 50.0 29.000 1 999.999 9
2 60.0 28.800 1 999.999 9
2 75.0 28.200 1 999.999 9
2 80.0 28.000 1 999.999 9
2 91.0 26.900 1 999.999 9
2 100.0 26.900 1 999.999 9
2 120.0 26.800 1 999.999 9
2 125.0 24.700 1 999.999 9
2 150.0 23.000 1 999.999 9
2 200.0 19.600 1 999.999 9
1 1973041906 2.517 131.017 1 1 0
2 0.0 29.300 1 999.999 9
2 10.0 29.200 1 999.999 9
2 20.0 29.200 1 999.999 9
2 30.0 29.200 1 999.999 9
2 50.0 29.000 1 999.999 9
2 75.0 26.400 1 999.999 9
2 86.0 24.800 1 999.999 9
2 100.0 24.900 1 999.999 9
2 143.0 23.200 1 999.999 9
2 150.0 23.300 1 999.999 9
2 160.0 21.800 1 999.999 9
2 200.0 20.200 1 999.999 9
1 1973041912 1.567 131.250 1 1 0
2 0.0 29.700 1 999.999 9
2 10.0 29.100 1 999.999 9
2 20.0 29.100 1 999.999 9
2 30.0 29.100 1 999.999 9
2 40.0 29.000 1 999.999 9
2 50.0 28.400 1 999.999 9
2 56.0 28.000 1 999.999 9
2 75.0 27.900 1 999.999 9
2 80.0 27.800 1 999.999 9
2 90.0 26.400 1 999.999 9
2 94.0 26.200 1 999.999 9
2 100.0 25.700 1 999.999 9
2 106.0 25.100 1 999.999 9
2 150.0 23.500 1 999.999 9
2 200.0 19.800 1 999.999 9
1 1973042001 0.167 130.917 1 1 0
2 0.0 29.400 1 999.999 9
2 10.0 29.500 1 999.999 9
2 20.0 29.400 1 999.999 9
2 30.0 29.300 1 999.999 9
2 50.0 28.800 1 999.999 9
2 56.0 28.600 1 999.999 9
2 63.0 27.000 1 999.999 9
2 75.0 26.200 1 999.999 9
2 100.0 25.400 1 999.999 9
2 150.0 23.100 1 999.999 9
2 200.0 19.300 1 999.999 9
1 1973070500 0.067 136.967 7 1 1
2 0.0 29.200 1 34.477 1
2 11.0 29.200 1 34.746 1
2 27.0 29.190 1 34.784 1
2 55.0 29.230 1 34.817 1
2 82.0 29.070 1 34.946 1
2 110.0 28.220 1 35.076 1
2 137.0 24.470 1 35.324 1
2 165.0 22.720 1 35.293 1
2 192.0 21.370 1 35.478 1
2 220.0 19.050 1 35.484 1
2 247.0 14.340 1 35.142 1
2 275.0 13.290 1 35.029 1
2 302.0 12.270 1 34.894 1
2 330.0 11.840 1 34.878 1
2 357.0 11.360 1 34.874 1
2 407.0 8.980 1 34.677 1
2 457.0 8.120 1 34.615 1
2 507.0 7.200 1 34.565 1
2 607.0 6.580 1 34.542 1
2 806.0 5.370 1 34.534 1
2 1013.0 4.560 1 34.546 1
2 1224.0 3.610 1 34.573 1
2 1313.0 3.330 1 34.588 1
2 1745.0 2.510 1 34.623 1
2 2180.0 1.860 1 34.651 1
2 2617.0 1.640 1 34.669 1
2 3068.0 1.540 1 34.675 1
2 3529.0 1.530 1 34.678 1
2 3993.0 1.510 1 34.686 1
1 1973070520 0.967 137.117 7 1 1
2 0.0 29.100 1 34.630 1
2 10.0 29.100 1 34.717 1
2 24.0 29.160 1 34.806 1
2 49.0 29.180 1 34.848 1
2 73.0 28.270 1 34.911 1
2 98.0 27.420 1 35.135 1
2 123.0 24.000 1 35.097 1
2 148.0 22.800 1 35.438 1
2 173.0 22.230 1 35.484 1
2 198.0 19.640 1 35.463 1
2 223.0 15.360 1 35.212 1
2 248.0 15.000 1 35.173 1
2 273.0 13.860 1 35.085 1
2 298.0 11.810 1 34.826 1
2 340.0 11.020 1 34.838 1
2 386.0 9.800 1 34.743 1
2 432.0 9.330 1 34.701 1
2 478.0 8.320 1 34.627 1
2 570.0 6.990 1 34.563 1
2 757.0 5.740 1 34.535 1
2 949.0 4.580 1 34.544 1
2 1146.0 3.890 1 34.566 1
1 1973070615 2.000 137.067 7 1 1
2 0.0 28.900 1 33.558 1
2 9.0 29.470 1 34.325 1
2 23.0 29.450 1 34.479 1
2 46.0 29.290 1 34.545 1
2 69.0 29.010 1 34.617 1
2 92.0 27.030 1 34.782 1
2 115.0 24.620 1 35.068 1
2 139.0 21.890 1 35.382 1
2 162.0 21.650 1 35.466 1
2 186.0 19.560 1 35.455 1
2 209.0 19.340 1 35.462 1
2 233.0 16.180 1 35.282 1
2 257.0 15.660 1 35.246 1
2 281.0 12.450 1 34.905 1
2 349.0 11.800 1 34.906 1
2 397.0 10.230 1 34.768 1
2 445.0 9.320 1 34.664 1
2 493.0 8.360 1 34.586 1
2 591.0 7.320 1 34.565 1
2 788.0 5.480 1 34.540 1
2 985.0 4.520 1 34.555 1
2 1183.0 3.690 1 34.576 1
1 1973070710 2.967 137.000 7 1 1
2 0.0 29.600 1 34.043 1
2 8.0 29.530 1 34.023 1
2 22.0 29.500 1 34.071 1
2 45.0 29.400 1 34.304 1
2 67.0 28.740 1 34.490 1
2 90.0 27.720 1 34.668 1
2 113.0 25.110 1 34.803 1
2 135.0 23.690 1 34.915 1
2 158.0 21.130 1 35.291 1
2 181.0 20.240 1 35.429 1
2 204.0 19.460 1 35.424 1
2 227.0 15.990 1 35.167 1
2 250.0 13.980 1 34.741 1
2 274.0 12.160 1 34.773 1
2 386.0 8.650 1 34.526 1
2 441.0 8.300 1 34.577 1
2 494.0 7.590 1 34.575 1
2 549.0 7.220 1 34.639 1
2 658.0 6.180 1 34.543 1
2 876.0 4.940 1 34.548 1
2 1094.0 4.080 1 34.566 1
2 1312.0 3.340 1 34.585 1
1 1973070803 3.967 137.017 7 1 1
2 0.0 30.800 1 33.959 1
2 10.0 29.600 1 33.909 1
2 25.0 29.560 1 33.923 1
2 50.0 29.720 1 34.116 1
2 75.0 28.670 1 34.508 1
2 100.0 27.510 1 34.691 1
2 125.0 25.420 1 34.838 1
2 150.0 24.120 1 34.876 1
2 175.0 19.080 1 34.806 1
2 200.0 15.590 1 34.662 1
2 225.0 13.920 1 34.596 1
2 250.0 11.660 1 34.537 1
2 275.0 9.890 1 34.551 1
2 300.0 9.370 1 34.589 1
2 382.0 8.070 1 34.574 1
2 437.0 7.570 1 34.570 1
2 492.0 7.070 1 34.557 1
2 546.0 6.570 1 34.541 1
2 655.0 5.790 1 34.537 1
2 874.0 4.780 1 34.550 1
2 1094.0 3.950 1 34.568 1
2 1314.0 3.350 1 34.584 1
1 1973070820 5.017 137.017 7 1 1
2 0.0 29.600 1 33.888 1
2 10.0 29.640 1 33.859 1
2 25.0 29.640 1 33.976 1
2 50.0 29.450 1 34.179 1
2 75.0 27.960 1 34.655 1
2 100.0 27.280 1 34.851 1
2 125.0 26.080 1 34.791 1
2 150.0 23.270 1 34.825 1
2 175.0 17.080 1 34.722 1
2 200.0 12.740 1 34.528 1
2 225.0 11.080 1 34.528 1
2 250.0 10.840 1 34.542 1
2 275.0 9.820 1 34.575 1
2 300.0 9.480 1 34.589 1
2 349.0 8.740 1 34.612 1
2 396.0 8.240 1 34.602 1
2 444.0 7.800 1 34.588 1
2 493.0 7.460 1 34.576 1
2 590.0 6.900 1 34.562 1
2 787.0 5.500 1 34.540 1
2 883.0 5.000 1 34.543 1
2 986.0 4.610 1 34.552 1
2 1185.0 3.910 1 34.567 1
2 1338.0 3.340 1 34.584 1
2 1800.0 2.450 1 34.616 1
2 2252.0 1.940 1 34.646 1
2 2706.0 1.620 1 34.669 1
2 3165.0 1.540 1 34.674 1
2 3622.0 1.510 1 34.682 1
1 1973070917 5.967 137.017 7 1 1
2 0.0 29.300 1 33.902 1
2 8.0 29.320 1 33.877 1
2 21.0 29.340 1 33.878 1
2 42.0 29.280 1 34.044 1
2 63.0 28.290 1 34.628 1
2 85.0 27.150 1 34.763 1
2 108.0 26.240 1 34.770 1
2 131.0 24.290 1 34.808 1
2 154.0 20.230 1 34.784 1
2 177.0 16.260 1 34.688 1
2 200.0 14.130 1 34.599 1
2 223.0 12.300 1 34.542 1
2 245.0 10.740 1 34.589 1
2 268.0 9.820 1 34.605 1
2 311.0 8.840 1 34.619 1
2 352.0 8.490 1 34.615 1
2 396.0 8.170 1 34.614 1
2 439.0 7.980 1 34.603 1
2 526.0 7.520 1 34.575 1
2 712.0 6.260 1 34.541 1
2 922.0 5.180 1 34.537 1
2 1149.0 3.940 1 34.565 1
1 1973071013 7.000 137.017 7 1 1
2 0.0 28.900 1 33.582 1
2 10.0 29.060 1 33.683 1
2 24.0 29.260 1 33.820 1
2 48.0 29.000 1 34.354 1
2 72.0 28.050 1 34.703 1
2 96.0 26.660 1 34.761 1
2 120.0 24.990 1 34.792 1
2 144.0 20.280 1 34.782 1
2 168.0 16.060 1 34.669 1
2 192.0 14.420 1 34.616 1
2 217.0 12.290 1 34.559 1
2 242.0 11.150 1 34.553 1
2 266.0 10.080 1 34.579 1
2 291.0 9.630 1 34.592 1
2 375.0 8.730 1 34.598 1
2 429.0 8.210 1 34.590 1
2 482.0 7.840 1 34.582 1
2 537.0 7.600 1 34.570 1
2 645.0 6.800 1 34.540 1
2 861.0 5.320 1 34.539 1
2 1077.0 4.300 1 34.560 1
2 1293.0 3.440 1 34.585 1
1 1973071106 8.017 137.000 7 1 1
2 0.0 29.300 1 33.957 1
2 10.0 29.080 1 33.931 1
2 26.0 29.070 1 33.940 1
2 54.0 28.900 1 34.429 1
2 80.0 27.530 1 34.696 1
2 108.0 25.190 1 34.774 1
2 135.0 21.350 1 34.807 1
2 162.0 17.570 1 34.721 1
2 188.0 15.620 1 34.656 1
2 216.0 13.140 1 34.580 1
2 244.0 11.200 1 34.557 1
2 271.0 10.480 1 34.551 1
2 297.0 9.670 1 34.566 1
2 325.0 9.270 1 34.571 1
2 346.0 9.040 1 34.582 1
2 396.0 8.700 1 34.587 1
2 445.0 8.020 1 34.563 1
2 495.0 7.700 1 34.552 1
2 594.0 6.930 1 34.535 1
2 794.0 5.880 1 34.529 1
2 998.0 4.730 1 34.545 1
2 1211.0 3.930 1 34.562 1
1 1973071116 9.017 137.000 7 1 1
2 0.0 29.000 1 34.018 1
2 10.0 29.040 1 33.992 1
2 25.0 29.080 1 34.011 1
2 50.0 29.190 1 34.110 1
2 75.0 28.230 1 34.651 1
2 100.0 27.490 1 34.725 1
2 125.0 25.560 1 34.796 1
2 150.0 22.770 1 34.839 1
2 175.0 18.160 1 34.745 1
2 200.0 16.050 1 34.672 1
2 225.0 12.630 1 34.539 1
2 250.0 11.300 1 34.536 1
2 275.0 10.340 1 34.553 1
2 300.0 9.390 1 34.572 1
2 354.0 8.800 1 34.547 1
2 403.0 8.130 1 34.538 1
2 452.0 7.840 1 34.537 1
2 501.0 7.580 1 34.549 1
2 600.0 6.900 1 34.542 1
2 797.0 5.850 1 34.516 1
2 995.0 4.680 1 34.541 1
2 1192.0 3.920 1 34.558 1
1 1973081415 0.417 130.167 4 1 1
2 0.0 29.100 1 34.400 1
2 20.0 28.800 1 34.400 1
2 40.0 28.500 1 34.400 1
2 60.0 28.400 1 34.400 1
2 80.0 27.600 1 34.700 1
2 100.0 21.400 1 34.800 1
2 120.0 19.900 1 34.760 1
2 140.0 19.000 1 34.780 1
2 160.0 17.800 1 34.760 1
2 180.0 17.200 1 34.740 1
2 200.0 16.000 1 34.720 1
2 220.0 14.900 1 34.700 1
2 240.0 13.800 1 34.680 1
2 260.0 13.100 1 34.660 1
2 280.0 12.600 1 34.650 1
2 300.0 12.100 1 34.650 1
2 350.0 11.200 1 34.640 1
2 370.0 11.000 1 34.640 1
1 1973081817 6.933 137.550 7 1 1
2 0.0 29.780 1 33.800 1
2 10.0 29.780 1 33.820 1
2 21.0 29.910 1 33.840 1
2 31.0 29.750 1 33.910 1
2 52.0 29.830 1 34.020 1
2 79.0 29.090 1 34.510 1
2 105.0 27.960 1 34.830 1
2 157.0 20.360 1 34.810 1
2 210.0 13.460 1 34.580 1
2 265.0 10.580 1 34.610 1
2 316.0 9.730 1 34.650 1
1 1973090223 8.317 130.100 2 1 0
2 0.0 29.400 1 999.999 9
2 2.0 29.400 1 999.999 9
2 17.0 29.600 1 999.999 9
2 58.0 29.500 1 999.999 9
2 76.0 28.600 1 999.999 9
2 91.0 27.200 1 999.999 9
2 111.0 23.800 1 999.999 9
2 121.0 23.600 1 999.999 9
2 150.0 20.300 1 999.999 9
2 162.0 18.100 1 999.999 9
2 174.0 16.500 1 999.999 9
2 184.0 15.800 1 999.999 9
2 188.0 14.700 1 999.999 9
2 203.0 14.400 1 999.999 9
2 208.0 14.000 1 999.999 9
2 215.0 13.400 1 999.999 9
2 225.0 12.900 1 999.999 9
2 239.0 11.800 1 999.999 9
2 290.0 10.700 1 999.999 9
2 340.0 10.200 1 999.999 9
2 381.0 10.600 1 999.999 9
2 440.0 10.300 1 999.999 9
2 457.0 10.200 1 999.999 9
1 1973090306 7.500 131.417 2 1 0
2 0.0 29.800 1 999.999 9
2 1.0 29.800 1 999.999 9
2 56.0 29.500 1 999.999 9
2 70.0 28.100 1 999.999 9
2 74.0 27.600 1 999.999 9
2 79.0 27.400 1 999.999 9
2 92.0 26.300 1 999.999 9
2 117.0 24.700 1 999.999 9
2 127.0 23.600 1 999.999 9
2 139.0 22.200 1 999.999 9
2 152.0 21.300 1 999.999 9
2 162.0 19.000 1 999.999 9
2 171.0 18.400 1 999.999 9
2 181.0 17.200 1 999.999 9
2 187.0 17.000 1 999.999 9
2 210.0 13.800 1 999.999 9
2 221.0 12.400 1 999.999 9
2 236.0 11.500 1 999.999 9
2 247.0 10.700 1 999.999 9
2 261.0 10.000 1 999.999 9
2 279.0 9.700 1 999.999 9
2 332.0 9.200 1 999.999 9
2 363.0 8.600 1 999.999 9
2 392.0 8.500 1 999.999 9
2 410.0 8.300 1 999.999 9
2 457.0 8.100 1 999.999 9
1 1973090312 6.717 132.167 2 1 0
2 0.0 29.900 1 999.999 9
2 4.0 29.900 1 999.999 9
2 26.0 29.900 1 999.999 9
2 58.0 30.000 1 999.999 9
2 73.0 29.300 1 999.999 9
2 89.0 28.800 1 999.999 9
2 117.0 27.200 1 999.999 9
2 126.0 25.800 1 999.999 9
2 131.0 24.800 1 999.999 9
2 147.0 23.900 1 999.999 9
2 150.0 22.800 1 999.999 9
2 159.0 22.200 1 999.999 9
2 165.0 22.100 1 999.999 9
2 189.0 16.000 1 999.999 9
2 200.0 15.000 1 999.999 9
2 207.0 13.800 1 999.999 9
2 221.0 12.100 1 999.999 9
2 247.0 11.100 1 999.999 9
2 259.0 10.700 1 999.999 9
2 272.0 9.500 1 999.999 9
2 283.0 9.200 1 999.999 9
2 321.0 9.200 1 999.999 9
2 374.0 8.600 1 999.999 9
2 401.0 8.500 1 999.999 9
2 459.0 8.100 1 999.999 9
1 1973090323 8.117 131.000 2 1 0
2 0.0 29.700 1 999.999 9
2 3.0 29.700 1 999.999 9
2 53.0 30.000 1 999.999 9
2 67.0 29.600 1 999.999 9
2 82.0 28.500 1 999.999 9
2 91.0 27.500 1 999.999 9
2 108.0 26.500 1 999.999 9
2 122.0 24.800 1 999.999 9
2 132.0 24.100 1 999.999 9
2 142.0 22.100 1 999.999 9
2 148.0 21.600 1 999.999 9
2 155.0 20.500 1 999.999 9
2 159.0 18.700 1 999.999 9
2 175.0 15.500 1 999.999 9
2 185.0 14.500 1 999.999 9
2 207.0 12.800 1 999.999 9
2 233.0 11.400 1 999.999 9
2 252.0 10.800 1 999.999 9
2 283.0 10.400 1 999.999 9
2 311.0 9.600 1 999.999 9
2 341.0 9.100 1 999.999 9
2 361.0 9.000 1 999.999 9
2 397.0 8.600 1 999.999 9
2 432.0 8.300 1 999.999 9
2 458.0 8.100 1 999.999 9
1 1973090506 1.500 139.167 2 1 0
2 0.0 30.000 1 999.999 9
2 1.0 30.000 1 999.999 9
2 19.0 29.700 1 999.999 9
2 50.0 29.400 1 999.999 9
2 78.0 29.000 1 999.999 9
2 109.0 27.800 1 999.999 9
2 116.0 26.800 1 999.999 9
2 125.0 25.100 1 999.999 9
2 136.0 24.600 1 999.999 9
2 153.0 23.500 1 999.999 9
2 157.0 22.500 1 999.999 9
2 173.0 21.000 1 999.999 9
2 184.0 17.500 1 999.999 9
2 189.0 17.200 1 999.999 9
2 207.0 17.200 1 999.999 9
2 226.0 16.900 1 999.999 9
2 234.0 14.900 1 999.999 9
2 244.0 13.900 1 999.999 9
2 260.0 13.100 1 999.999 9
2 273.0 12.600 1 999.999 9
2 305.0 12.400 1 999.999 9
2 318.0 11.500 1 999.999 9
2 351.0 10.400 1 999.999 9
2 361.0 9.700 1 999.999 9
2 400.0 9.300 1 999.999 9
2 427.0 8.800 1 999.999 9
2 436.0 8.300 1 999.999 9
2 461.0 8.100 1 999.999 9
1 1973090710 9.100 130.467 2 1 0
2 0.0 29.560 1 999.999 9
2 16.0 29.640 1 999.999 9
2 38.0 29.570 1 999.999 9
2 49.0 29.200 1 999.999 9
2 64.0 28.150 1 999.999 9
2 76.0 27.550 1 999.999 9
2 113.0 26.350 1 999.999 9
2 123.0 25.330 1 999.999 9
2 130.0 23.780 1 999.999 9
2 145.0 22.300 1 999.999 9
2 163.0 18.580 1 999.999 9
2 174.0 17.280 1 999.999 9
2 188.0 16.050 1 999.999 9
2 202.0 14.120 1 999.999 9
2 230.0 12.260 1 999.999 9
2 262.0 10.820 1 999.999 9
2 268.0 10.150 1 999.999 9
2 273.0 9.860 1 999.999 9
2 289.0 9.440 1 999.999 9
2 297.0 9.440 1 999.999 9
2 316.0 9.070 1 999.999 9
2 336.0 8.630 1 999.999 9
2 361.0 7.810 1 999.999 9
2 395.0 7.380 1 999.999 9
2 438.0 7.260 1 999.999 9
2 457.0 7.080 1 999.999 9
1 1973090714 8.133 132.000 2 1 0
2 0.0 30.490 1 999.999 9
2 3.0 30.500 1 999.999 9
2 9.0 30.020 1 999.999 9
2 29.0 29.660 1 999.999 9
2 64.0 29.540 1 999.999 9
2 72.0 29.570 1 999.999 9
2 85.0 29.180 1 999.999 9
2 124.0 25.630 1 999.999 9
2 137.0 23.870 1 999.999 9
2 156.0 22.160 1 999.999 9
2 175.0 19.340 1 999.999 9
2 185.0 18.420 1 999.999 9
2 193.0 17.330 1 999.999 9
2 198.0 17.110 1 999.999 9
2 206.0 16.500 1 999.999 9
2 212.0 16.290 1 999.999 9
2 244.0 13.280 1 999.999 9
2 273.0 11.470 1 999.999 9
2 285.0 10.980 1 999.999 9
2 349.0 9.320 1 999.999 9
2 360.0 8.990 1 999.999 9
2 376.0 8.860 1 999.999 9
2 455.0 7.730 1 999.999 9
2 457.0 7.730 1 999.999 9
1 1973090718 7.017 133.617 2 1 0
2 0.0 29.970 1 999.999 9
2 11.0 29.770 1 999.999 9
2 50.0 29.540 1 999.999 9
2 63.0 29.130 1 999.999 9
2 73.0 28.500 1 999.999 9
2 90.0 27.630 1 999.999 9
2 94.0 27.300 1 999.999 9
2 105.0 26.720 1 999.999 9
2 117.0 25.590 1 999.999 9
2 128.0 24.210 1 999.999 9
2 143.0 21.460 1 999.999 9
2 151.0 20.420 1 999.999 9
2 158.0 19.220 1 999.999 9
2 172.0 17.290 1 999.999 9
2 177.0 16.610 1 999.999 9
2 215.0 13.880 1 999.999 9
2 235.0 12.780 1 999.999 9
2 246.0 12.440 1 999.999 9
2 263.0 11.590 1 999.999 9
2 275.0 11.240 1 999.999 9
2 296.0 10.300 1 999.999 9
2 337.0 9.090 1 999.999 9
2 390.0 8.380 1 999.999 9
2 457.0 7.900 1 999.999 9
1 1973090800 5.417 135.417 2 1 0
2 0.0 29.830 1 999.999 9
2 57.0 29.740 1 999.999 9
2 61.0 29.480 1 999.999 9
2 75.0 28.150 1 999.999 9
2 88.0 27.720 1 999.999 9
2 107.0 26.170 1 999.999 9
2 123.0 23.870 1 999.999 9
2 138.0 20.760 1 999.999 9
2 143.0 18.920 1 999.999 9
2 154.0 17.060 1 999.999 9
2 159.0 15.410 1 999.999 9
2 182.0 13.440 1 999.999 9
2 191.0 12.470 1 999.999 9
2 204.0 11.550 1 999.999 9
2 217.0 10.630 1 999.999 9
2 252.0 9.360 1 999.999 9
2 265.0 9.100 1 999.999 9
2 299.0 8.910 1 999.999 9
2 327.0 8.860 1 999.999 9
2 369.0 8.380 1 999.999 9
2 431.0 7.650 1 999.999 9
2 457.0 7.470 1 999.999 9
1 1973090812 4.000 137.500 2 1 0
2 0.0 29.700 1 999.999 9
2 41.0 29.770 1 999.999 9
2 62.0 29.490 1 999.999 9
2 74.0 28.960 1 999.999 9
2 93.0 28.390 1 999.999 9
2 115.0 27.290 1 999.999 9
2 128.0 26.910 1 999.999 9
2 140.0 25.900 1 999.999 9
2 144.0 25.210 1 999.999 9
2 150.0 22.570 1 999.999 9
2 168.0 19.640 1 999.999 9
2 180.0 18.420 1 999.999 9
2 192.0 16.700 1 999.999 9
2 204.0 14.710 1 999.999 9
2 241.0 11.060 1 999.999 9
2 252.0 10.150 1 999.999 9
2 254.0 10.070 1 999.999 9
2 260.0 10.130 1 999.999 9
1 1973090818 3.583 138.600 2 1 0
2 0.0 29.790 1 999.999 9
2 43.0 29.790 1 999.999 9
2 56.0 29.620 1 999.999 9
2 60.0 29.510 1 999.999 9
2 63.0 29.120 1 999.999 9
2 77.0 28.660 1 999.999 9
2 83.0 28.220 1 999.999 9
2 108.0 27.650 1 999.999 9
2 121.0 27.160 1 999.999 9
2 128.0 26.470 1 999.999 9
2 135.0 26.190 1 999.999 9
2 146.0 24.840 1 999.999 9
2 163.0 19.910 1 999.999 9
2 180.0 16.760 1 999.999 9
2 186.0 16.710 1 999.999 9
2 198.0 14.070 1 999.999 9
2 204.0 13.920 1 999.999 9
2 208.0 13.370 1 999.999 9
2 214.0 11.860 1 999.999 9
2 221.0 11.280 1 999.999 9
2 229.0 10.250 1 999.999 9
2 230.0 10.120 1 999.999 9
2 237.0 10.150 1 999.999 9
2 242.0 9.970 1 999.999 9
2 247.0 9.940 1 999.999 9
2 249.0 9.630 1 999.999 9
2 260.0 9.110 1 999.999 9
2 285.0 9.140 1 999.999 9
2 305.0 8.990 1 999.999 9
2 313.0 8.720 1 999.999 9
2 324.0 8.520 1 999.999 9
2 333.0 8.520 1 999.999 9
2 351.0 8.100 1 999.999 9
2 416.0 7.790 1 999.999 9
2 447.0 7.800 1 999.999 9
2 464.0 7.640 1 999.999 9
1 1973092221 8.933 131.167 1 1 0
2 0.0 29.300 1 999.999 9
2 10.0 29.300 1 999.999 9
2 20.0 29.300 1 999.999 9
2 30.0 29.400 1 999.999 9
2 50.0 29.700 1 999.999 9
2 75.0 28.900 1 999.999 9
2 100.0 27.700 1 999.999 9
2 150.0 20.300 1 999.999 9
2 200.0 13.900 1 999.999 9
2 250.0 11.500 1 999.999 9
1 1973092303 8.033 130.067 1 1 0
2 0.0 29.200 1 999.999 9
2 10.0 29.300 1 999.999 9
2 20.0 29.400 1 999.999 9
2 30.0 29.500 1 999.999 9
2 50.0 29.400 1 999.999 9
2 75.0 28.000 1 999.999 9
2 100.0 23.500 1 999.999 9
2 150.0 15.900 1 999.999 9
2 200.0 12.000 1 999.999 9
2 250.0 9.500 1 999.999 9
1 1973110400 9.883 130.817 1 1 0
2 0.0 29.300 1 999.999 9
2 80.0 29.200 1 999.999 9
2 135.0 25.600 1 999.999 9
2 180.0 19.700 1 999.999 9
2 190.0 19.300 1 999.999 9
2 200.0 17.400 1 999.999 9
1 1973110406 9.467 130.683 1 1 0
2 0.0 29.500 1 999.999 9
2 60.0 29.300 1 999.999 9
2 100.0 27.500 1 999.999 9
2 128.0 25.200 1 999.999 9
2 133.0 24.000 1 999.999 9
2 160.0 21.000 1 999.999 9
2 192.0 18.300 1 999.999 9
2 200.0 17.900 1 999.999 9
1 1973110412 8.683 130.617 1 1 0
2 0.0 29.500 1 999.999 9
2 70.0 29.500 1 999.999 9
2 80.0 29.000 1 999.999 9
2 90.0 28.900 1 999.999 9
2 106.0 27.400 1 999.999 9
2 115.0 27.000 1 999.999 9
2 154.0 23.500 1 999.999 9
2 162.0 23.400 1 999.999 9
2 165.0 22.400 1 999.999 9
2 186.0 20.400 1 999.999 9
2 191.0 17.800 1 999.999 9
2 200.0 16.900 1 999.999 9
1 1973110418 8.017 130.267 1 1 0
2 0.0 29.100 1 999.999 9
2 70.0 29.100 1 999.999 9
2 100.0 27.200 1 999.999 9
2 104.0 27.000 1 999.999 9
2 110.0 26.000 1 999.999 9
2 128.0 22.700 1 999.999 9
2 141.0 21.200 1 999.999 9
2 150.0 20.900 1 999.999 9
2 155.0 19.300 1 999.999 9
2 165.0 18.000 1 999.999 9
2 176.0 17.500 1 999.999 9
2 192.0 16.400 1 999.999 9
2 200.0 15.400 1 999.999 9
1 1973110500 7.667 130.167 1 1 0
2 0.0 29.300 1 999.999 9
2 75.0 29.300 1 999.999 9
2 90.0 27.500 1 999.999 9
2 100.0 26.600 1 999.999 9
2 140.0 19.700 1 999.999 9
2 150.0 18.700 1 999.999 9
2 200.0 14.500 1 999.999 9
1 1973110506 7.017 130.167 1 1 0
2 0.0 29.100 1 999.999 9
2 50.0 29.100 1 999.999 9
2 60.0 28.900 1 999.999 9
2 86.0 27.700 1 999.999 9
2 92.0 27.400 1 999.999 9
2 100.0 26.300 1 999.999 9
2 130.0 21.800 1 999.999 9
2 135.0 21.400 1 999.999 9
2 140.0 20.100 1 999.999 9
2 150.0 19.600 1 999.999 9
2 200.0 14.800 1 999.999 9
1 1973110512 6.433 130.250 1 1 0
2 0.0 29.500 1 999.999 9
2 50.0 29.500 1 999.999 9
2 100.0 29.200 1 999.999 9
2 125.0 28.300 1 999.999 9
2 160.0 21.200 1 999.999 9
2 170.0 19.800 1 999.999 9
2 177.0 19.500 1 999.999 9
2 200.0 15.300 1 999.999 9
1 1973110518 5.867 130.367 1 1 0
2 0.0 29.900 1 999.999 9
2 60.0 29.900 1 999.999 9
2 100.0 29.300 1 999.999 9
2 110.0 29.300 1 999.999 9
2 121.0 28.300 1 999.999 9
2 130.0 28.300 1 999.999 9
2 150.0 24.200 1 999.999 9
2 160.0 23.200 1 999.999 9
2 182.0 19.500 1 999.999 9
2 200.0 15.100 1 999.999 9
1 1973110600 5.167 130.467 1 1 0
2 0.0 29.600 1 999.999 9
2 105.0 29.600 1 999.999 9
2 140.0 28.300 1 999.999 9
2 150.0 28.200 1 999.999 9
2 162.0 27.000 1 999.999 9
2 174.0 23.100 1 999.999 9
2 180.0 20.000 1 999.999 9
2 200.0 16.800 1 999.999 9
1 1973110606 4.267 130.683 1 1 0
2 0.0 29.800 1 999.999 9
2 10.0 29.700 1 999.999 9
2 30.0 29.500 1 999.999 9
2 84.0 29.500 1 999.999 9
2 100.0 29.200 1 999.999 9
2 120.0 28.600 1 999.999 9
2 127.0 28.500 1 999.999 9
2 132.0 27.600 1 999.999 9
2 142.0 27.600 1 999.999 9
2 151.0 26.500 1 999.999 9
2 180.0 23.600 1 999.999 9
2 200.0 21.300 1 999.999 9
1 1973110612 3.317 130.850 1 1 0
2 0.0 29.900 1 999.999 9
2 20.0 29.900 1 999.999 9
2 30.0 29.600 1 999.999 9
2 50.0 29.500 1 999.999 9
2 60.0 29.200 1 999.999 9
2 70.0 29.100 1 999.999 9
2 94.0 29.100 1 999.999 9
2 100.0 28.900 1 999.999 9
2 110.0 28.700 1 999.999 9
2 141.0 27.000 1 999.999 9
2 170.0 22.000 1 999.999 9
2 200.0 18.900 1 999.999 9
1 1973110618 2.667 131.267 1 1 0
2 0.0 29.600 1 999.999 9
2 20.0 29.500 1 999.999 9
2 50.0 29.500 1 999.999 9
2 75.0 29.100 1 999.999 9
2 100.0 29.000 1 999.999 9
2 122.0 28.600 1 999.999 9
2 128.0 25.800 1 999.999 9
2 140.0 25.200 1 999.999 9
2 160.0 23.300 1 999.999 9
2 174.0 23.300 1 999.999 9
2 180.0 21.000 1 999.999 9
2 200.0 19.300 1 999.999 9
1 1973110700 1.667 131.250 1 1 0
2 0.0 29.400 1 999.999 9
2 90.0 29.400 1 999.999 9
2 106.0 29.200 1 999.999 9
2 126.0 27.600 1 999.999 9
2 145.0 24.900 1 999.999 9
2 150.0 24.700 1 999.999 9
2 160.0 23.300 1 999.999 9
2 169.0 23.000 1 999.999 9
2 180.0 20.900 1 999.999 9
2 200.0 19.700 1 999.999 9
1 1973110706 0.967 131.133 1 1 0
2 0.0 30.200 1 999.999 9
2 20.0 30.200 1 999.999 9
2 30.0 30.100 1 999.999 9
2 50.0 30.100 1 999.999 9
2 60.0 29.900 1 999.999 9
2 85.0 29.900 1 999.999 9
2 100.0 28.300 1 999.999 9
2 124.0 24.300 1 999.999 9
2 134.0 24.100 1 999.999 9
2 149.0 22.800 1 999.999 9
2 160.0 20.600 1 999.999 9
2 200.0 19.300 1 999.999 9
1 1973110712 0.967 131.133 1 1 0
2 0.0 30.000 1 999.999 9
2 50.0 30.000 1 999.999 9
2 85.0 29.900 1 999.999 9
2 100.0 28.200 1 999.999 9
2 130.0 24.200 1 999.999 9
2 160.0 20.600 1 999.999 9
2 200.0 19.200 1 999.999 9
1 1973110802 0.917 133.050 1 1 0
2 0.0 29.400 1 999.999 9
2 87.0 29.400 1 999.999 9
2 106.0 28.900 3 999.999 9
2 110.0 24.400 3 999.999 9
2 140.0 24.400 1 999.999 9
2 170.0 24.000 1 999.999 9
2 190.0 19.600 1 999.999 9
2 200.0 19.600 1 999.999 9
1 1973110806 0.817 133.933 1 1 0
2 0.0 29.400 1 999.999 9
2 95.0 29.400 1 999.999 9
2 120.0 25.300 1 999.999 9
2 140.0 22.700 1 999.999 9
2 150.0 22.600 1 999.999 9
2 180.0 19.700 1 999.999 9
2 200.0 18.900 1 999.999 9
1 1973110812 0.917 134.617 1 1 0
2 0.0 30.200 1 999.999 9
2 20.0 30.200 1 999.999 9
2 30.0 30.100 1 999.999 9
2 100.0 30.100 4 999.999 9
2 106.0 30.000 1 999.999 9
2 112.0 29.200 1 999.999 9
2 118.0 29.500 1 999.999 9
2 138.0 27.100 1 999.999 9
2 154.0 24.000 1 999.999 9
2 200.0 19.800 1 999.999 9
1 1973110818 0.767 135.617 1 1 0
2 0.0 30.100 1 999.999 9
2 90.0 30.100 1 999.999 9
2 104.0 30.000 1 999.999 9
2 110.0 29.100 1 999.999 9
2 116.0 29.200 1 999.999 9
2 128.0 25.100 1 999.999 9
2 200.0 20.300 1 999.999 9
1 1973110900 0.617 136.500 1 1 0
2 0.0 29.300 1 999.999 9
2 40.0 29.300 1 999.999 9
2 106.0 29.100 1 999.999 9
2 112.0 28.000 1 999.999 9
2 120.0 27.900 1 999.999 9
2 140.0 25.500 1 999.999 9
2 150.0 25.300 1 999.999 9
2 170.0 21.600 1 999.999 9
2 190.0 21.000 1 999.999 9
2 200.0 19.600 1 999.999 9
1 1973110906 0.517 137.317 1 1 0
2 0.0 29.300 1 999.999 9
2 30.0 29.300 1 999.999 9
2 40.0 29.000 1 999.999 9
2 80.0 29.000 1 999.999 9
2 100.0 28.600 1 999.999 9
2 104.0 27.800 1 999.999 9
2 125.0 27.500 1 999.999 9
2 143.0 24.100 1 999.999 9
2 186.0 20.700 1 999.999 9
2 200.0 19.900 1 999.999 9
1 1973110912 0.417 138.217 1 1 0
2 0.0 29.200 1 999.999 9
2 45.0 29.200 1 999.999 9
2 100.0 29.000 1 999.999 9
2 113.0 27.900 1 999.999 9
2 125.0 27.800 1 999.999 9
2 140.0 26.500 1 999.999 9
2 145.0 24.400 1 999.999 9
2 150.0 24.000 1 999.999 9
2 175.0 19.100 1 999.999 9
2 190.0 18.800 1 999.999 9
2 195.0 18.400 1 999.999 9
2 200.0 18.300 1 999.999 9
1 1973110918 0.267 139.267 1 1 0
2 0.0 29.100 1 999.999 9
2 100.0 29.000 1 999.999 9
2 120.0 28.500 1 999.999 9
2 134.0 27.000 1 999.999 9
2 140.0 27.000 1 999.999 9
2 150.0 24.500 1 999.999 9
2 160.0 24.000 1 999.999 9
2 180.0 22.000 1 999.999 9
2 200.0 19.300 1 999.999 9
1 1973111510 9.667 135.333 1 1 0
2 0.0 28.900 1 999.999 9
2 10.0 28.800 1 999.999 9
2 20.0 28.800 1 999.999 9
2 30.0 28.800 1 999.999 9
2 50.0 28.800 1 999.999 9
2 75.0 27.500 1 999.999 9
2 100.0 26.700 1 999.999 9
2 150.0 19.600 1 999.999 9
2 200.0 14.500 1 999.999 9
2 250.0 11.900 1 999.999 9
1 1973111516 8.783 135.600 1 1 0
2 0.0 29.300 1 999.999 9
2 10.0 29.200 1 999.999 9
2 20.0 29.200 1 999.999 9
2 30.0 29.200 1 999.999 9
2 50.0 29.100 1 999.999 9
2 75.0 28.500 1 999.999 9
2 100.0 24.400 1 999.999 9
2 150.0 19.200 1 999.999 9
2 200.0 14.100 1 999.999 9
2 250.0 11.400 1 999.999 9
1 1973111518 9.617 139.633 1 1 0
2 0.0 28.900 1 999.999 9
2 10.0 28.900 1 999.999 9
2 20.0 28.900 1 999.999 9
2 30.0 28.900 1 999.999 9
2 50.0 29.000 1 999.999 9
2 75.0 29.200 1 999.999 9
2 100.0 27.000 1 999.999 9
2 150.0 23.000 1 999.999 9
2 200.0 15.900 1 999.999 9
2 250.0 11.300 1 999.999 9
1 1973111523 8.050 135.733 1 1 0
2 0.0 29.200 1 999.999 9
2 10.0 29.200 1 999.999 9
2 20.0 29.200 1 999.999 9
2 30.0 29.200 1 999.999 9
2 50.0 29.200 1 999.999 9
2 75.0 28.100 1 999.999 9
2 100.0 26.600 1 999.999 9
2 150.0 18.400 1 999.999 9
2 200.0 13.500 1 999.999 9
2 250.0 10.900 1 999.999 9
1 1973111618 6.383 139.750 1 1 0
2 0.0 29.100 1 999.999 9
2 10.0 29.100 1 999.999 9
2 20.0 29.100 1 999.999 9
2 30.0 29.100 1 999.999 9
2 50.0 29.100 1 999.999 9
2 75.0 28.900 1 999.999 9
2 100.0 27.600 1 999.999 9
2 150.0 22.500 1 999.999 9
2 200.0 13.000 1 999.999 9
2 250.0 10.900 1 999.999 9
1 1973122709 8.567 139.117 1 1 0
2 0.0 28.600 1 999.999 9
2 10.0 28.600 1 999.999 9
2 20.0 28.600 1 999.999 9
2 30.0 28.600 1 999.999 9
2 40.0 28.600 1 999.999 9
2 50.0 28.600 1 999.999 9
2 60.0 28.800 1 999.999 9
2 70.0 28.700 1 999.999 9
2 80.0 28.700 1 999.999 9
2 90.0 28.700 1 999.999 9
2 100.0 28.500 1 999.999 9
2 110.0 27.700 1 999.999 9
2 120.0 26.700 1 999.999 9
2 130.0 25.200 1 999.999 9
2 140.0 23.500 1 999.999 9
2 150.0 21.600 1 999.999 9
2 160.0 20.500 1 999.999 9
2 170.0 17.900 1 999.999 9
2 180.0 17.000 1 999.999 9
2 190.0 13.500 1 999.999 9
2 200.0 12.900 1 999.999 9
1 1973122715 8.800 138.167 1 1 0
2 0.0 28.500 1 999.999 9
2 10.0 28.500 1 999.999 9
2 20.0 28.500 1 999.999 9
2 30.0 28.500 1 999.999 9
2 40.0 28.500 1 999.999 9
2 50.0 28.500 1 999.999 9
2 60.0 28.500 1 999.999 9
2 70.0 28.500 1 999.999 9
2 80.0 27.900 1 999.999 9
2 90.0 26.800 1 999.999 9
2 100.0 26.100 1 999.999 9
2 110.0 24.800 1 999.999 9
2 120.0 23.200 1 999.999 9
2 130.0 21.500 1 999.999 9
2 140.0 20.200 1 999.999 9
2 150.0 18.700 1 999.999 9
2 160.0 16.700 1 999.999 9
2 170.0 14.900 1 999.999 9
2 180.0 13.000 1 999.999 9
2 190.0 12.700 1 999.999 9
2 200.0 12.300 1 999.999 9
1 1973122803 9.000 137.350 1 1 0
2 0.0 28.700 1 999.999 9
2 10.0 28.700 1 999.999 9
2 20.0 28.700 1 999.999 9
2 30.0 28.700 1 999.999 9
2 40.0 28.700 1 999.999 9
2 50.0 28.700 1 999.999 9
2 60.0 28.700 1 999.999 9
2 70.0 28.700 1 999.999 9
2 80.0 28.700 1 999.999 9
2 90.0 28.700 1 999.999 9
2 100.0 28.700 1 999.999 9
2 105.0 28.700 1 999.999 9
2 110.0 27.300 1 999.999 9
2 120.0 26.300 1 999.999 9
2 130.0 24.700 1 999.999 9
2 140.0 23.100 1 999.999 9
2 150.0 21.300 1 999.999 9
2 160.0 19.900 1 999.999 9
2 170.0 17.900 1 999.999 9
2 180.0 16.400 1 999.999 9
2 190.0 15.100 1 999.999 9
2 200.0 14.700 1 999.999 9
1 1973122809 9.017 137.300 1 1 0
2 0.0 28.700 1 999.999 9
2 10.0 28.700 1 999.999 9
2 20.0 28.700 1 999.999 9
2 30.0 28.700 1 999.999 9
2 40.0 28.700 1 999.999 9
2 50.0 28.700 1 999.999 9
2 60.0 28.700 1 999.999 9
2 70.0 28.700 1 999.999 9
2 80.0 28.800 1 999.999 9
2 90.0 28.700 1 999.999 9
2 100.0 28.100 1 999.999 9
2 110.0 27.100 1 999.999 9
2 120.0 25.400 1 999.999 9
2 130.0 23.100 1 999.999 9
2 140.0 20.100 1 999.999 9
2 150.0 19.000 1 999.999 9
2 160.0 17.400 1 999.999 9
2 170.0 16.200 1 999.999 9
2 180.0 15.500 1 999.999 9
2 190.0 15.100 1 999.999 9
2 200.0 13.500 1 999.999 9
1 1973122815 8.967 137.117 1 1 0
2 0.0 29.000 1 999.999 9
2 10.0 29.000 1 999.999 9
2 20.0 29.000 1 999.999 9
2 30.0 29.000 1 999.999 9
2 40.0 29.000 1 999.999 9
2 50.0 29.000 1 999.999 9
2 60.0 29.000 1 999.999 9
2 70.0 29.000 1 999.999 9
2 80.0 29.000 1 999.999 9
2 90.0 28.400 1 999.999 9
2 100.0 27.700 1 999.999 9
2 105.0 27.000 1 999.999 9
2 110.0 25.600 1 999.999 9
2 120.0 25.000 1 999.999 9
2 130.0 23.400 1 999.999 9
2 140.0 21.600 1 999.999 9
2 150.0 20.200 1 999.999 9
2 160.0 19.900 1 999.999 9
2 170.0 18.000 1 999.999 9
2 180.0 17.300 1 999.999 9
2 190.0 16.300 1 999.999 9
2 200.0 14.700 1 999.999 9
1 1973122909 9.350 137.383 1 1 0
2 0.0 28.500 1 999.999 9
2 10.0 28.500 1 999.999 9
2 20.0 28.500 1 999.999 9
2 30.0 28.500 1 999.999 9
2 40.0 28.500 1 999.999 9
2 50.0 28.500 1 999.999 9
2 60.0 28.400 1 999.999 9
2 70.0 28.400 1 999.999 9
2 80.0 28.100 1 999.999 9
2 90.0 27.700 1 999.999 9
2 100.0 26.500 1 999.999 9
2 110.0 25.300 1 999.999 9
2 120.0 24.500 1 999.999 9
2 130.0 24.100 1 999.999 9
2 140.0 21.300 1 999.999 9
2 150.0 19.000 1 999.999 9
2 160.0 17.700 1 999.999 9
2 170.0 16.500 1 999.999 9
2 180.0 15.500 1 999.999 9
