1 1977010708 8.667 138.417 1 1 0
2 0.0 28.100 1 999.999 9
2 5.0 28.100 1 999.999 9
2 10.0 28.100 1 999.999 9
2 15.0 28.100 1 999.999 9
2 20.0 28.100 1 999.999 9
2 25.0 28.100 1 999.999 9
2 30.0 28.100 1 999.999 9
2 35.0 28.100 1 999.999 9
2 40.0 28.100 1 999.999 9
2 45.0 27.500 1 999.999 9
2 50.0 26.900 1 999.999 9
2 55.0 25.600 1 999.999 9
2 60.0 24.500 1 999.999 9
2 70.0 22.100 1 999.999 9
2 80.0 21.100 1 999.999 9
2 90.0 20.300 1 999.999 9
2 100.0 19.600 1 999.999 9
2 110.0 18.700 1 999.999 9
2 120.0 18.200 1 999.999 9
2 130.0 17.400 1 999.999 9
2 140.0 16.400 1 999.999 9
2 150.0 15.800 1 999.999 9
2 160.0 14.800 1 999.999 9
2 170.0 13.900 1 999.999 9
2 180.0 13.000 1 999.999 9
2 190.0 12.800 1 999.999 9
2 200.0 12.400 1 999.999 9
1 1977010716 7.217 138.467 1 1 0
2 0.0 28.300 1 999.999 9
2 5.0 28.300 1 999.999 9
2 10.0 28.200 1 999.999 9
2 15.0 28.200 1 999.999 9
2 20.0 28.200 1 999.999 9
2 25.0 28.200 1 999.999 9
2 30.0 28.100 1 999.999 9
2 35.0 27.200 1 999.999 9
2 40.0 25.300 1 999.999 9
2 45.0 24.300 1 999.999 9
2 50.0 24.000 1 999.999 9
2 55.0 23.600 1 999.999 9
2 60.0 22.800 1 999.999 9
2 70.0 21.400 1 999.999 9
2 80.0 20.100 1 999.999 9
2 90.0 19.000 1 999.999 9
2 100.0 17.400 1 999.999 9
2 110.0 16.200 1 999.999 9
2 120.0 14.500 1 999.999 9
2 130.0 14.000 1 999.999 9
2 140.0 13.400 1 999.999 9
2 150.0 12.600 1 999.999 9
2 160.0 12.000 1 999.999 9
2 170.0 11.800 1 999.999 9
2 180.0 11.300 1 999.999 9
2 190.0 11.100 1 999.999 9
2 200.0 10.800 1 999.999 9
1 1977010722 6.217 138.617 1 1 0
2 0.0 28.300 1 999.999 9
2 5.0 28.300 1 999.999 9
2 10.0 28.300 1 999.999 9
2 15.0 28.300 1 999.999 9
2 20.0 28.300 1 999.999 9
2 25.0 28.300 1 999.999 9
2 30.0 28.300 1 999.999 9
2 35.0 28.300 1 999.999 9
2 40.0 28.300 1 999.999 9
2 45.0 28.300 1 999.999 9
2 47.0 28.300 1 999.999 9
2 50.0 28.000 1 999.999 9
2 55.0 27.100 1 999.999 9
2 60.0 26.200 1 999.999 9
2 70.0 24.800 1 999.999 9
2 80.0 23.200 1 999.999 9
2 90.0 22.100 1 999.999 9
2 100.0 20.700 1 999.999 9
2 110.0 19.900 1 999.999 9
2 120.0 18.400 1 999.999 9
2 130.0 17.300 1 999.999 9
2 140.0 15.400 1 999.999 9
2 150.0 13.800 1 999.999 9
2 160.0 12.800 1 999.999 9
2 170.0 11.700 1 999.999 9
2 180.0 11.300 1 999.999 9
2 190.0 11.200 1 999.999 9
2 200.0 10.900 1 999.999 9
1 1977010808 4.167 139.217 1 1 0
2 0.0 28.500 1 999.999 9
2 5.0 28.500 1 999.999 9
2 10.0 28.500 1 999.999 9
2 15.0 28.500 1 999.999 9
2 20.0 28.500 1 999.999 9
2 25.0 28.500 1 999.999 9
2 30.0 28.500 1 999.999 9
2 35.0 28.100 1 999.999 9
2 40.0 27.900 1 999.999 9
2 45.0 27.500 1 999.999 9
2 50.0 27.200 1 999.999 9
2 55.0 26.700 1 999.999 9
2 60.0 26.400 1 999.999 9
2 65.0 26.400 1 999.999 9
2 70.0 26.400 1 999.999 9
2 80.0 26.400 1 999.999 9
2 90.0 26.200 1 999.999 9
2 100.0 26.000 1 999.999 9
2 110.0 25.600 1 999.999 9
2 120.0 25.600 1 999.999 9
2 130.0 24.800 1 999.999 9
2 140.0 23.500 1 999.999 9
2 150.0 23.300 1 999.999 9
2 160.0 22.800 1 999.999 9
2 170.0 22.600 1 999.999 9
2 180.0 22.400 1 999.999 9
2 190.0 22.100 1 999.999 9
2 195.0 22.000 1 999.999 9
1 1977011314 9.367 135.133 1 1 0
2 0.0 27.900 1 999.999 9
2 10.0 27.900 1 999.999 9
2 20.0 27.900 1 999.999 9
2 30.0 27.900 1 999.999 9
2 50.0 27.800 1 999.999 9
2 75.0 27.800 1 999.999 9
2 100.0 24.400 1 999.999 9
2 125.0 21.200 1 999.999 9
2 150.0 19.000 1 999.999 9
2 200.0 13.200 1 999.999 9
2 250.0 10.900 1 999.999 9
1 1977011320 8.517 135.250 1 1 0
2 0.0 27.900 1 999.999 9
2 10.0 27.900 1 999.999 9
2 20.0 27.900 1 999.999 9
2 30.0 27.200 1 999.999 9
2 50.0 24.500 1 999.999 9
2 75.0 20.300 1 999.999 9
2 100.0 18.500 1 999.999 9
2 125.0 16.200 1 999.999 9
2 150.0 15.200 1 999.999 9
2 200.0 12.400 1 999.999 9
2 250.0 9.500 1 999.999 9
1 1977011402 7.817 135.050 1 1 0
2 0.0 28.000 1 999.999 9
2 10.0 28.000 1 999.999 9
2 20.0 27.900 1 999.999 9
2 30.0 27.300 1 999.999 9
2 50.0 24.900 1 999.999 9
2 75.0 19.800 1 999.999 9
2 100.0 16.600 1 999.999 9
2 125.0 14.500 1 999.999 9
2 150.0 13.000 1 999.999 9
2 200.0 11.000 1 999.999 9
2 250.0 9.200 1 999.999 9
1 1977011408 6.900 134.883 1 1 0
2 0.0 28.000 1 999.999 9
2 10.0 28.000 1 999.999 9
2 20.0 27.900 1 999.999 9
2 30.0 27.200 1 999.999 9
2 50.0 24.600 1 999.999 9
2 75.0 19.400 1 999.999 9
2 100.0 17.500 1 999.999 9
2 125.0 14.400 1 999.999 9
2 150.0 12.600 1 999.999 9
2 200.0 10.600 1 999.999 9
2 250.0 8.900 1 999.999 9
1 1977011414 6.000 134.917 1 1 0
2 0.0 28.000 1 999.999 9
2 10.0 28.000 1 999.999 9
2 20.0 28.000 1 999.999 9
2 30.0 27.500 1 999.999 9
2 50.0 25.400 1 999.999 9
2 75.0 20.600 1 999.999 9
2 100.0 18.500 1 999.999 9
2 125.0 14.800 1 999.999 9
2 150.0 12.400 1 999.999 9
2 200.0 10.200 1 999.999 9
2 250.0 9.100 1 999.999 9
1 1977011420 5.217 135.117 1 1 0
2 0.0 28.000 1 999.999 9
2 10.0 28.000 1 999.999 9
2 20.0 28.000 1 999.999 9
2 30.0 28.000 1 999.999 9
2 50.0 28.000 1 999.999 9
2 75.0 26.000 1 999.999 9
2 100.0 23.500 1 999.999 9
2 125.0 19.300 1 999.999 9
2 150.0 15.000 1 999.999 9
2 200.0 12.100 1 999.999 9
2 250.0 9.500 1 999.999 9
1 1977011502 4.267 135.167 1 1 0
2 0.0 28.300 1 999.999 9
2 10.0 28.300 1 999.999 9
2 20.0 28.300 1 999.999 9
2 30.0 27.900 1 999.999 9
2 50.0 26.200 1 999.999 9
2 75.0 26.100 1 999.999 9
2 100.0 25.600 1 999.999 9
2 125.0 22.900 1 999.999 9
2 150.0 21.500 1 999.999 9
2 200.0 15.500 1 999.999 9
2 250.0 10.000 1 999.999 9
1 1977011508 3.400 135.067 1 1 0
2 0.0 28.800 1 999.999 9
2 10.0 28.700 1 999.999 9
2 20.0 28.600 1 999.999 9
2 30.0 28.000 1 999.999 9
2 50.0 25.800 1 999.999 9
2 75.0 25.000 1 999.999 9
2 100.0 24.200 1 999.999 9
2 125.0 22.600 1 999.999 9
2 150.0 21.700 1 999.999 9
2 200.0 19.200 1 999.999 9
2 250.0 11.200 1 999.999 9
1 1977011514 2.567 134.683 1 1 0
2 0.0 28.800 1 999.999 9
2 10.0 28.800 1 999.999 9
2 20.0 28.700 1 999.999 9
2 30.0 28.500 1 999.999 9
2 50.0 27.600 1 999.999 9
2 75.0 27.300 1 999.999 9
2 100.0 26.000 1 999.999 9
2 125.0 24.800 1 999.999 9
2 150.0 22.900 1 999.999 9
2 200.0 20.300 1 999.999 9
2 250.0 12.300 1 999.999 9
1 1977011704 1.817 134.317 1 1 0
2 0.0 28.800 1 999.999 9
2 10.0 28.800 1 999.999 9
2 20.0 28.800 1 999.999 9
2 30.0 28.700 1 999.999 9
2 50.0 28.100 1 999.999 9
2 75.0 27.200 1 999.999 9
2 100.0 24.000 1 999.999 9
2 125.0 23.600 1 999.999 9
2 150.0 21.800 1 999.999 9
2 175.0 19.300 1 999.999 9
2 200.0 16.200 1 999.999 9
2 250.0 13.500 1 999.999 9
1 1977011805 1.917 134.217 1 1 0
2 0.0 28.800 1 999.999 9
2 10.0 28.800 1 999.999 9
2 20.0 28.700 1 999.999 9
2 30.0 28.500 1 999.999 9
2 50.0 27.600 1 999.999 9
2 75.0 25.600 1 999.999 9
2 100.0 24.000 1 999.999 9
2 125.0 23.500 1 999.999 9
2 150.0 21.200 1 999.999 9
2 175.0 20.200 1 999.999 9
2 200.0 16.500 1 999.999 9
2 250.0 14.100 1 999.999 9
1 1977011904 1.883 133.800 1 1 0
2 0.0 29.000 1 999.999 9
2 10.0 28.700 1 999.999 9
2 20.0 28.400 1 999.999 9
2 30.0 28.200 1 999.999 9
2 50.0 27.700 1 999.999 9
2 75.0 26.200 1 999.999 9
2 100.0 24.300 1 999.999 9
2 125.0 23.600 1 999.999 9
2 150.0 21.700 1 999.999 9
2 175.0 20.600 1 999.999 9
2 200.0 18.200 1 999.999 9
2 250.0 12.900 1 999.999 9
1 1977012003 1.967 133.683 1 1 0
2 0.0 28.900 1 999.999 9
2 10.0 28.900 1 999.999 9
2 20.0 28.900 1 999.999 9
2 30.0 28.600 1 999.999 9
2 50.0 27.600 1 999.999 9
2 75.0 25.800 1 999.999 9
2 100.0 24.700 1 999.999 9
2 125.0 24.100 1 999.999 9
2 150.0 22.000 1 999.999 9
2 175.0 21.200 1 999.999 9
2 200.0 17.700 1 999.999 9
2 250.0 13.500 1 999.999 9
1 1977012103 9.967 137.000 2 1 0
2 0.0 27.700 1 999.999 9
2 10.0 27.700 1 999.999 9
2 20.0 27.700 1 999.999 9
2 30.0 27.700 1 999.999 9
2 50.0 27.700 1 999.999 9
2 75.0 27.700 1 999.999 9
2 100.0 22.900 1 999.999 9
2 150.0 15.300 1 999.999 9
2 200.0 11.900 1 999.999 9
2 250.0 10.000 1 999.999 9
2 300.0 9.200 1 999.999 9
2 350.0 8.700 1 999.999 9
2 400.0 8.200 1 999.999 9
2 450.0 7.700 1 999.999 9
1 1977012103 9.967 136.917 7 1 1
2 0.0 27.800 1 34.224 1
2 10.0 27.720 1 34.206 1
2 19.0 27.720 1 34.206 1
2 29.0 27.720 1 34.225 1
2 49.0 27.740 1 34.254 1
2 75.0 27.750 1 34.306 1
2 100.0 25.490 1 34.698 1
2 122.0 20.540 1 34.788 1
2 139.0 18.870 1 34.775 1
2 155.0 15.540 1 34.636 1
2 173.0 13.780 1 34.539 1
2 192.0 12.040 1 34.462 1
2 215.0 10.940 1 34.491 1
2 240.0 10.330 1 34.506 1
2 265.0 9.630 1 34.539 1
2 317.0 9.110 1 34.527 1
2 363.0 8.680 1 34.538 1
2 410.0 8.020 1 34.530 1
2 473.0 7.610 1 34.530 1
2 508.0 7.130 1 34.536 1
2 757.0 5.690 1 34.528 1
2 1007.0 4.550 1 34.543 1
2 1183.0 3.850 1 0.000 9
2 1257.0 3.480 1 34.574 1
2 1631.0 2.610 1 34.611 1
1 1977012105 2.217 134.317 1 1 0
2 0.0 28.800 1 999.999 9
2 10.0 28.800 1 999.999 9
2 20.0 28.800 1 999.999 9
2 30.0 28.600 1 999.999 9
2 50.0 27.800 1 999.999 9
2 75.0 26.500 1 999.999 9
2 100.0 25.200 1 999.999 9
2 125.0 24.600 1 999.999 9
2 150.0 22.200 1 999.999 9
2 175.0 21.500 1 999.999 9
2 200.0 18.200 1 999.999 9
2 250.0 13.600 1 999.999 9
1 1977012113 9.000 136.967 7 1 1
2 0.0 27.600 1 34.332 1
2 9.0 27.600 1 34.314 1
2 18.0 27.630 1 34.313 1
2 27.0 27.620 1 34.320 1
2 45.0 27.490 1 34.382 1
2 66.0 22.930 1 34.773 1
2 87.0 20.650 1 34.793 1
2 108.0 18.650 1 34.773 1
2 129.0 18.180 1 34.757 1
2 149.0 15.930 1 34.669 1
2 169.0 13.220 1 34.530 1
2 186.0 12.160 1 34.520 1
2 207.0 11.140 1 34.523 1
2 231.0 10.610 1 34.503 1
2 258.0 10.260 1 34.527 1
2 289.0 9.200 1 34.535 1
2 325.0 8.690 1 34.543 1
2 359.0 8.300 1 34.540 1
2 429.0 7.570 1 34.522 1
2 568.0 6.690 1 34.528 1
2 675.0 6.160 1 34.525 1
2 708.0 5.770 1 34.525 1
2 879.0 5.100 1 34.539 1
2 1186.0 3.740 1 34.568 1
1 1977012113 9.000 137.017 2 1 0
2 0.0 27.600 1 999.999 9
2 10.0 27.600 1 999.999 9
2 20.0 27.600 1 999.999 9
2 30.0 27.600 1 999.999 9
2 50.0 27.600 1 999.999 9
2 75.0 23.700 1 999.999 9
2 100.0 21.100 1 999.999 9
2 150.0 16.500 1 999.999 9
2 200.0 11.600 1 999.999 9
2 250.0 10.200 1 999.999 9
2 300.0 8.900 1 999.999 9
2 350.0 8.400 1 999.999 9
2 400.0 8.000 1 999.999 9
2 450.0 7.700 1 999.999 9
1 1977012120 7.967 137.000 7 1 1
2 0.0 27.800 1 34.438 1
2 11.0 27.830 1 34.433 1
2 22.0 27.840 1 34.432 1
2 32.0 27.860 1 34.433 1
2 54.0 26.590 1 34.558 1
2 80.0 22.120 1 34.812 1
2 105.0 18.550 1 34.833 1
2 130.0 15.640 1 34.666 1
2 155.0 13.080 1 34.572 1
2 181.0 11.450 1 34.552 1
2 207.0 10.990 1 34.540 1
2 233.0 9.830 1 34.548 1
2 260.0 9.320 1 34.560 1
2 287.0 8.810 1 34.558 1
2 315.0 8.350 1 34.563 1
2 356.0 7.920 1 34.555 1
2 388.0 7.930 1 34.556 1
2 412.0 7.780 1 34.550 1
2 468.0 7.280 1 34.538 1
2 635.0 6.220 1 34.528 1
2 815.0 5.420 1 34.536 1
2 1015.0 4.530 1 34.551 1
2 1347.0 3.400 1 34.582 1
1 1977012120 7.967 137.017 2 1 0
2 0.0 27.800 1 999.999 9
2 10.0 27.800 1 999.999 9
2 20.0 27.800 1 999.999 9
2 30.0 27.800 1 999.999 9
2 50.0 27.800 1 999.999 9
2 75.0 23.600 1 999.999 9
2 100.0 19.900 1 999.999 9
2 150.0 13.700 1 999.999 9
2 200.0 11.500 1 999.999 9
2 250.0 9.500 1 999.999 9
2 300.0 8.700 1 999.999 9
2 350.0 8.200 1 999.999 9
2 400.0 8.000 1 999.999 9
2 450.0 7.500 1 999.999 9
1 1977012204 7.467 137.017 2 1 0
2 0.0 28.000 1 999.999 9
2 10.0 28.000 1 999.999 9
2 20.0 28.000 1 999.999 9
2 30.0 28.000 1 999.999 9
2 50.0 28.000 1 999.999 9
2 75.0 23.800 1 999.999 9
2 100.0 18.500 1 999.999 9
2 150.0 13.300 1 999.999 9
2 200.0 11.300 1 999.999 9
2 250.0 9.800 1 999.999 9
2 300.0 9.300 1 999.999 9
2 350.0 8.600 1 999.999 9
2 400.0 8.100 1 999.999 9
2 450.0 7.800 1 999.999 9
1 1977012204 7.467 137.000 7 1 1
2 0.0 28.000 1 34.361 1
2 9.0 28.020 1 34.352 1
2 19.0 28.020 1 34.351 1
2 29.0 27.980 1 34.344 1
2 48.0 27.880 1 34.378 1
2 72.0 23.380 1 34.798 1
2 96.0 20.540 1 34.821 1
2 119.0 16.630 1 34.706 1
2 141.0 14.680 1 34.627 1
2 163.0 12.880 1 34.587 1
2 184.0 11.920 1 34.569 1
2 208.0 11.070 1 34.570 1
2 235.0 10.350 1 34.578 1
2 264.0 9.600 1 34.584 1
2 293.0 9.480 1 34.586 1
2 350.0 8.500 1 34.584 1
2 404.0 7.980 1 34.575 1
2 461.0 7.610 1 34.568 1
2 521.0 7.040 1 34.544 1
2 646.0 6.220 1 34.530 1
2 682.0 6.130 1 34.530 1
1 1977012205 2.317 134.517 1 1 0
2 0.0 28.900 1 999.999 9
2 10.0 28.900 1 999.999 9
2 20.0 28.800 1 999.999 9
2 30.0 28.500 1 999.999 9
2 50.0 27.300 1 999.999 9
2 75.0 26.900 1 999.999 9
2 100.0 25.600 1 999.999 9
2 125.0 24.200 1 999.999 9
2 150.0 23.200 1 999.999 9
2 175.0 22.000 1 999.999 9
2 200.0 19.800 1 999.999 9
2 250.0 14.400 1 999.999 9
1 1977012214 7.017 137.000 2 1 0
2 0.0 27.800 1 999.999 9
2 10.0 27.800 1 999.999 9
2 20.0 27.800 1 999.999 9
2 30.0 27.800 1 999.999 9
2 50.0 26.800 1 999.999 9
2 75.0 19.900 1 999.999 9
2 100.0 16.800 1 999.999 9
2 150.0 11.700 1 999.999 9
2 200.0 9.900 1 999.999 9
2 250.0 9.200 1 999.999 9
2 300.0 8.700 1 999.999 9
2 350.0 8.300 1 999.999 9
2 400.0 8.100 1 999.999 9
2 450.0 7.800 1 999.999 9
1 1977012214 7.000 136.967 7 1 1
2 0.0 27.800 1 34.303 1
2 10.0 27.860 1 34.277 1
2 20.0 27.860 1 34.271 1
2 30.0 27.880 1 34.276 1
2 50.0 25.030 1 34.633 1
2 75.0 19.780 1 34.805 1
2 98.0 17.030 1 34.724 1
2 121.0 14.080 1 34.603 1
2 143.0 12.610 1 34.556 1
2 167.0 11.000 1 34.568 1
2 190.0 9.900 1 34.577 1
2 214.0 9.440 1 34.590 1
2 242.0 9.140 1 34.595 1
2 270.0 8.850 1 34.595 1
2 299.0 8.600 1 34.603 1
2 367.0 8.200 1 34.598 1
2 415.0 7.940 1 34.587 1
2 468.0 7.610 1 34.584 1
2 615.0 6.480 1 34.539 1
2 787.0 5.730 1 34.538 1
2 976.0 4.700 1 34.548 1
2 1286.0 3.400 1 34.582 1
1 1977012222 6.517 137.000 7 1 1
2 0.0 28.000 1 34.260 1
2 11.0 27.990 1 34.247 1
2 22.0 28.000 1 34.246 1
2 33.0 28.000 1 34.251 1
2 55.0 27.010 1 34.506 1
2 80.0 21.140 1 34.783 1
2 105.0 17.510 1 34.728 1
2 131.0 12.770 1 34.529 1
2 159.0 11.990 1 34.559 1
2 186.0 10.580 1 34.527 1
2 214.0 9.680 1 34.544 1
2 241.0 9.120 1 34.538 1
2 269.0 9.120 1 34.591 1
2 296.0 8.720 1 34.592 1
2 324.0 8.280 1 34.585 1
2 405.0 7.780 1 34.572 1
2 464.0 7.370 1 34.563 1
2 524.0 7.090 1 34.579 1
2 584.0 6.670 1 34.551 1
2 704.0 6.040 1 34.537 1
2 1020.0 4.280 1 34.559 1
2 2013.0 2.180 1 34.638 1
2 2970.0 1.630 1 34.674 1
2 3962.0 1.530 1 34.689 1
1 1977012222 6.517 137.000 2 1 0
2 0.0 28.000 1 999.999 9
2 10.0 28.000 1 999.999 9
2 20.0 28.000 1 999.999 9
2 30.0 28.000 1 999.999 9
2 50.0 28.000 1 999.999 9
2 75.0 22.900 1 999.999 9
2 100.0 20.000 1 999.999 9
2 150.0 12.400 1 999.999 9
2 200.0 10.600 1 999.999 9
2 250.0 9.300 1 999.999 9
2 300.0 8.900 1 999.999 9
2 350.0 8.300 1 999.999 9
2 400.0 8.000 1 999.999 9
2 450.0 7.600 1 999.999 9
1 1977012305 2.367 134.667 1 1 0
2 0.0 28.900 1 999.999 9
2 10.0 28.900 1 999.999 9
2 20.0 28.900 1 999.999 9
2 30.0 28.700 1 999.999 9
2 50.0 27.800 1 999.999 9
2 75.0 27.400 1 999.999 9
2 100.0 26.700 1 999.999 9
2 125.0 25.000 1 999.999 9
2 150.0 23.700 1 999.999 9
2 175.0 22.000 1 999.999 9
2 200.0 19.800 1 999.999 9
2 250.0 14.500 1 999.999 9
1 1977012313 6.000 137.050 2 1 0
2 0.0 28.100 1 999.999 9
2 10.0 28.100 1 999.999 9
2 20.0 28.100 1 999.999 9
2 30.0 28.100 1 999.999 9
2 50.0 28.100 1 999.999 9
2 75.0 24.000 1 999.999 9
2 100.0 21.000 1 999.999 9
2 150.0 14.400 1 999.999 9
2 200.0 10.200 1 999.999 9
2 250.0 9.600 1 999.999 9
2 300.0 8.600 1 999.999 9
2 350.0 8.300 1 999.999 9
2 400.0 8.000 1 999.999 9
2 450.0 7.700 1 999.999 9
1 1977012313 6.017 137.050 7 1 1
2 0.0 28.100 1 34.265 1
2 10.0 28.150 1 34.247 1
2 21.0 28.170 1 34.245 1
2 31.0 28.140 1 34.248 1
2 52.0 27.550 1 34.382 1
2 78.0 23.730 1 34.783 1
2 104.0 21.180 1 34.921 1
2 126.0 18.620 1 34.789 1
2 148.0 15.080 1 34.647 1
2 169.0 12.180 1 34.505 1
2 190.0 10.200 1 34.410 1
2 212.0 9.800 1 34.515 1
2 236.0 9.510 1 34.555 1
2 262.0 9.360 1 34.581 1
2 289.0 9.100 1 34.568 1
2 314.0 8.180 1 34.524 1
2 361.0 8.040 1 34.564 1
2 409.0 7.670 1 34.564 1
2 456.0 7.300 1 34.551 1
2 553.0 6.860 1 34.553 1
2 750.0 5.650 1 34.535 1
2 957.0 4.780 1 34.552 1
2 1169.0 3.910 1 34.566 1
2 1492.0 3.010 1 34.597 1
1 1977012322 5.517 136.967 2 1 0
2 0.0 28.100 1 999.999 9
2 10.0 28.100 1 999.999 9
2 20.0 28.100 1 999.999 9
2 30.0 28.100 1 999.999 9
2 50.0 28.100 1 999.999 9
2 75.0 25.300 1 999.999 9
2 100.0 22.000 1 999.999 9
2 150.0 15.500 1 999.999 9
2 200.0 10.800 1 999.999 9
2 250.0 9.000 1 999.999 9
2 300.0 8.200 1 999.999 9
2 350.0 7.800 1 999.999 9
2 400.0 7.600 1 999.999 9
2 450.0 7.300 1 999.999 9
1 1977012323 5.550 137.000 7 1 1
2 0.0 28.400 1 34.292 1
2 10.0 28.140 1 34.271 1
2 19.0 28.150 1 34.267 1
2 29.0 28.140 1 34.267 1
2 48.0 28.100 1 34.275 1
2 72.0 26.000 1 34.737 1
2 94.0 22.900 1 34.870 1
2 116.0 20.620 1 34.899 1
2 136.0 17.110 1 34.729 1
2 156.0 14.550 1 34.592 1
2 178.0 12.080 1 34.476 1
2 198.0 10.750 1 34.456 1
2 220.0 9.590 1 34.407 1
2 243.0 9.150 1 34.529 1
2 267.0 8.800 1 34.542 1
2 291.0 8.770 1 34.573 1
2 325.0 7.960 1 34.519 1
2 363.0 7.650 1 34.534 1
2 403.0 7.320 1 34.533 1
2 493.0 6.750 1 34.536 1
2 734.0 5.720 1 34.537 1
1 1977012404 2.267 134.667 1 1 0
2 0.0 28.800 1 999.999 9
2 10.0 28.700 1 999.999 9
2 20.0 28.600 1 999.999 9
2 30.0 28.300 1 999.999 9
2 50.0 27.500 1 999.999 9
2 75.0 26.000 1 999.999 9
2 100.0 25.000 1 999.999 9
2 125.0 24.100 1 999.999 9
2 150.0 22.200 1 999.999 9
2 175.0 21.400 1 999.999 9
2 200.0 18.500 1 999.999 9
2 250.0 14.000 1 999.999 9
1 1977012408 5.000 137.017 2 1 0
2 0.0 28.600 1 999.999 9
2 10.0 28.500 1 999.999 9
2 20.0 28.400 1 999.999 9
2 30.0 28.400 1 999.999 9
2 50.0 28.200 1 999.999 9
2 75.0 26.000 1 999.999 9
2 100.0 24.600 1 999.999 9
2 150.0 21.000 1 999.999 9
2 200.0 14.900 1 999.999 9
2 250.0 10.700 1 999.999 9
2 300.0 9.400 1 999.999 9
2 350.0 8.800 1 999.999 9
2 400.0 8.000 1 999.999 9
2 450.0 7.900 1 999.999 9
1 1977012409 5.000 137.017 7 1 1
2 0.0 28.400 1 34.468 1
2 11.0 28.470 1 34.456 1
2 23.0 28.260 1 34.454 1
2 34.0 28.240 1 34.452 1
2 56.0 27.970 1 34.386 1
2 84.0 24.740 1 34.690 1
2 112.0 23.810 1 34.755 1
2 139.0 21.100 1 34.843 1
2 168.0 17.720 1 34.748 1
2 197.0 13.320 1 34.539 1
2 233.0 10.800 1 34.422 1
2 261.0 9.530 1 34.488 1
2 290.0 8.620 1 34.413 1
2 347.0 8.250 1 34.538 1
2 403.0 7.620 1 34.517 1
2 460.0 7.440 1 34.540 1
2 497.0 6.900 1 34.537 1
2 591.0 6.300 1 34.539 1
2 779.0 5.410 1 34.541 1
2 968.0 4.520 1 34.556 1
2 1156.0 3.920 1 34.569 1
2 1438.0 3.120 1 34.590 1
1 1977012413 4.500 137.000 7 1 1
2 0.0 28.700 1 34.693 1
2 10.0 28.740 1 34.698 1
2 20.0 28.760 1 34.699 1
2 30.0 28.580 1 34.663 1
2 49.0 26.420 1 34.520 1
2 73.0 25.810 1 34.776 1
2 96.0 25.500 1 35.236 1
2 118.0 24.550 1 35.382 1
2 140.0 24.200 1 35.404 1
2 162.0 21.140 1 35.231 1
2 184.0 18.190 1 34.781 1
2 206.0 16.780 1 0.000 9
2 228.0 13.440 1 34.594 1
2 251.0 11.240 1 34.451 1
2 275.0 10.180 1 34.492 1
2 415.0 7.940 1 34.564 1
2 475.0 7.110 1 34.520 1
2 536.0 6.820 1 34.534 1
2 597.0 6.280 1 34.534 1
2 721.0 5.540 1 34.538 1
2 997.0 4.490 1 34.560 1
1 1977012419 4.500 137.000 2 1 0
2 0.0 28.700 3 999.999 9
2 10.0 20.400 3 999.999 9
2 20.0 8.700 3 999.999 9
2 30.0 28.600 3 999.999 9
2 50.0 26.200 1 999.999 9
2 75.0 25.700 1 999.999 9
2 100.0 24.700 1 999.999 9
2 150.0 20.800 1 999.999 9
2 200.0 15.200 1 999.999 9
2 250.0 10.200 1 999.999 9
2 300.0 9.100 1 999.999 9
2 350.0 8.600 1 999.999 9
2 400.0 8.000 1 999.999 9
2 450.0 7.700 1 999.999 9
1 1977012503 4.567 137.000 2 1 0
2 0.0 29.000 1 999.999 9
2 10.0 28.900 1 999.999 9
2 20.0 28.800 1 999.999 9
2 30.0 28.000 1 999.999 9
2 50.0 27.500 1 999.999 9
2 75.0 26.000 1 999.999 9
2 100.0 24.900 1 999.999 9
2 150.0 22.900 1 999.999 9
2 200.0 17.300 1 999.999 9
2 250.0 13.400 1 999.999 9
2 300.0 11.300 1 999.999 9
2 350.0 9.800 1 999.999 9
2 400.0 8.500 1 999.999 9
2 450.0 8.200 1 999.999 9
1 1977012503 4.017 137.000 7 1 1
2 0.0 29.100 1 34.729 1
2 10.0 28.940 1 34.733 1
2 20.0 28.880 1 34.733 1
2 30.0 27.730 1 35.018 1
2 50.0 27.160 1 35.099 1
2 75.0 25.370 1 35.344 1
2 100.0 24.720 1 35.384 1
2 125.0 23.920 1 35.442 1
2 150.0 22.750 1 35.348 1
2 175.0 19.390 1 34.758 1
2 200.0 17.370 1 34.727 1
2 225.0 14.760 1 34.697 1
2 250.0 13.620 1 34.588 1
2 275.0 11.230 1 34.487 1
2 300.0 11.410 1 34.676 1
2 370.0 8.630 1 34.550 1
2 424.0 8.290 1 34.600 1
2 478.0 7.660 1 34.574 1
2 532.0 7.140 1 34.543 1
2 638.0 6.360 1 34.536 1
2 846.0 5.140 1 34.549 1
2 1056.0 4.340 1 34.565 1
2 1269.0 3.700 1 34.581 1
2 1590.0 2.820 1 34.612 1
1 1977012504 2.150 135.067 1 1 0
2 0.0 29.300 1 999.999 9
2 10.0 29.200 1 999.999 9
2 20.0 29.100 1 999.999 9
2 30.0 28.800 1 999.999 9
2 50.0 27.900 1 999.999 9
2 75.0 27.000 1 999.999 9
2 100.0 26.000 1 999.999 9
2 125.0 24.700 1 999.999 9
2 150.0 23.000 1 999.999 9
2 175.0 21.000 1 999.999 9
2 200.0 17.100 1 999.999 9
2 250.0 12.100 1 999.999 9
1 1977012512 3.500 137.017 2 1 0
2 0.0 29.000 1 999.999 9
2 10.0 29.000 1 999.999 9
2 20.0 29.000 1 999.999 9
2 30.0 28.900 1 999.999 9
2 50.0 27.000 1 999.999 9
2 75.0 26.000 1 999.999 9
2 100.0 24.700 1 999.999 9
2 150.0 22.800 1 999.999 9
2 200.0 19.800 1 999.999 9
2 250.0 13.700 1 999.999 9
2 300.0 11.700 1 999.999 9
2 350.0 10.000 1 999.999 9
2 400.0 8.800 1 999.999 9
2 450.0 8.300 1 999.999 9
1 1977012512 3.500 137.017 7 1 1
2 0.0 29.100 1 34.673 1
2 11.0 29.100 1 34.673 1
2 22.0 28.840 1 34.773 1
2 33.0 27.360 1 35.031 1
2 54.0 26.180 1 35.272 1
2 81.0 25.080 1 35.233 1
2 109.0 24.170 1 35.418 1
2 135.0 23.300 1 35.424 1
2 163.0 21.780 1 35.255 1
2 190.0 20.940 1 35.230 1
2 217.0 17.040 1 34.761 1
2 244.0 13.720 1 34.609 1
2 272.0 12.120 1 34.592 1
2 298.0 11.480 1 34.656 1
2 326.0 9.990 1 34.478 1
2 399.0 8.760 1 34.597 1
2 458.0 8.200 1 34.579 1
2 517.0 7.430 1 34.536 1
2 576.0 7.250 1 34.553 1
2 694.0 6.290 1 34.532 1
2 1002.0 4.620 1 34.556 1
1 1977012520 3.000 136.967 2 1 0
2 0.0 29.100 1 999.999 9
2 10.0 29.100 1 999.999 9
2 20.0 29.100 1 999.999 9
2 30.0 29.100 1 999.999 9
2 50.0 27.100 1 999.999 9
2 75.0 26.200 1 999.999 9
2 100.0 25.000 1 999.999 9
2 150.0 23.000 1 999.999 9
2 200.0 19.700 1 999.999 9
2 250.0 14.800 1 999.999 9
2 300.0 10.500 1 999.999 9
2 350.0 9.700 1 999.999 9
2 400.0 9.000 1 999.999 9
2 450.0 8.800 1 999.999 9
1 1977012520 2.967 136.967 7 1 1
2 0.0 29.200 1 34.690 1
2 10.0 29.170 1 34.694 1
2 20.0 29.180 1 34.692 1
2 30.0 28.920 1 34.752 1
2 50.0 26.980 1 35.055 1
2 75.0 26.100 1 35.269 1
2 100.0 24.970 1 35.314 1
2 125.0 23.880 1 35.343 1
2 150.0 22.840 1 35.358 1
2 175.0 21.990 1 35.329 1
2 199.0 18.510 1 34.871 1
2 224.0 17.090 1 34.939 1
2 249.0 14.590 1 34.859 1
2 274.0 13.010 1 34.826 1
2 299.0 11.320 1 34.626 1
2 352.0 10.060 1 34.688 1
2 396.0 8.840 1 34.608 1
2 441.0 8.690 1 34.652 1
2 486.0 8.330 1 34.631 1
2 578.0 7.540 1 34.588 1
2 767.0 6.140 1 34.540 1
2 960.0 4.740 1 34.552 1
2 1157.0 4.090 1 34.570 1
1 1977012605 2.517 137.000 2 1 0
2 0.0 29.800 1 999.999 9
2 10.0 29.500 1 999.999 9
2 20.0 29.300 1 999.999 9
2 30.0 29.000 1 999.999 9
2 50.0 27.500 1 999.999 9
2 75.0 25.900 1 999.999 9
2 100.0 25.100 1 999.999 9
2 150.0 22.800 1 999.999 9
2 200.0 18.300 1 999.999 9
2 250.0 14.200 1 999.999 9
2 300.0 11.100 1 999.999 9
2 350.0 9.400 1 999.999 9
2 400.0 8.800 1 999.999 9
2 450.0 8.600 1 999.999 9
1 1977012605 2.517 136.967 7 1 1
2 0.0 30.000 1 34.617 1
2 10.0 29.220 1 34.610 1
2 20.0 29.160 1 34.705 1
2 30.0 28.930 1 34.776 1
2 50.0 27.290 1 35.067 1
2 75.0 25.860 1 35.302 1
2 100.0 25.010 1 35.334 1
2 125.0 23.690 1 35.391 1
2 150.0 22.720 1 35.343 1
2 175.0 21.580 1 35.309 1
2 200.0 18.210 1 35.032 1
2 225.0 16.460 1 34.887 1
2 250.0 15.340 1 34.803 1
2 275.0 12.420 1 34.655 1
2 300.0 11.230 1 34.552 1
2 344.0 9.480 1 34.696 1
2 398.0 8.810 1 34.666 1
2 453.0 8.460 1 34.640 1
2 508.0 7.940 1 34.611 1
2 618.0 6.880 1 34.556 1
2 1067.0 4.310 1 34.568 1
1 1977012613 1.967 137.000 2 1 0
2 0.0 29.300 1 999.999 9
2 10.0 29.200 1 999.999 9
2 20.0 29.200 1 999.999 9
2 30.0 29.100 1 999.999 9
2 50.0 27.600 1 999.999 9
2 75.0 25.800 1 999.999 9
2 100.0 24.300 1 999.999 9
2 150.0 22.000 1 999.999 9
2 200.0 19.200 1 999.999 9
2 250.0 13.700 1 999.999 9
2 300.0 11.600 1 999.999 9
2 350.0 9.700 1 999.999 9
2 400.0 9.100 1 999.999 9
2 450.0 8.500 1 999.999 9
1 1977012613 1.967 137.000 7 1 1
2 0.0 29.300 1 34.651 1
2 10.0 29.320 1 34.640 1
2 20.0 29.310 1 34.641 1
2 30.0 29.040 1 34.746 1
2 50.0 27.520 1 35.081 1
2 75.0 25.670 1 35.301 1
2 100.0 24.260 1 35.370 1
2 125.0 23.000 1 35.376 1
2 150.0 22.370 1 35.414 1
2 175.0 19.660 1 35.105 1
2 200.0 19.640 1 35.507 1
2 225.0 17.770 1 35.414 1
2 250.0 14.780 1 34.885 1
2 275.0 12.970 1 34.812 1
2 300.0 12.400 1 34.858 1
2 352.0 9.600 1 34.718 1
2 401.0 8.830 1 34.662 1
2 451.0 8.300 1 34.623 1
2 500.0 7.970 1 34.600 1
2 599.0 6.720 1 34.542 1
2 796.0 5.880 1 34.539 1
2 991.0 4.550 1 34.550 1
2 1186.0 3.920 1 34.565 1
2 1481.0 3.020 1 34.596 1
1 1977012621 1.517 137.000 2 1 0
2 0.0 29.000 1 999.999 9
2 10.0 29.000 1 999.999 9
2 20.0 29.000 1 999.999 9
2 30.0 29.000 1 999.999 9
2 50.0 28.600 1 999.999 9
2 75.0 26.600 1 999.999 9
2 100.0 24.800 1 999.999 9
2 150.0 21.600 1 999.999 9
2 200.0 19.500 1 999.999 9
2 250.0 15.500 1 999.999 9
2 300.0 12.000 1 999.999 9
2 350.0 9.500 1 999.999 9
2 400.0 9.400 1 999.999 9
2 450.0 8.800 1 999.999 9
1 1977012621 1.517 137.000 7 1 1
2 0.0 29.200 1 34.657 1
2 10.0 29.240 1 34.660 1
2 20.0 29.250 1 34.658 1
2 30.0 29.270 1 34.665 1
2 50.0 27.680 1 34.996 1
2 75.0 25.600 1 35.303 1
2 100.0 24.320 1 35.407 1
2 125.0 23.150 1 35.397 1
2 150.0 21.370 1 35.274 1
2 175.0 19.650 1 35.125 1
2 200.0 19.420 1 35.488 1
2 225.0 16.970 1 35.357 1
2 250.0 16.210 1 35.291 1
2 275.0 14.520 1 35.149 1
2 300.0 12.350 1 34.931 1
2 392.0 9.450 1 34.713 1
2 441.0 8.890 1 34.657 1
2 490.0 8.300 1 34.621 1
2 540.0 7.700 1 34.587 1
2 640.0 6.500 1 34.538 1
2 997.0 4.460 1 34.551 1
1 1977012703 0.967 135.167 1 1 0
2 0.0 29.100 1 999.999 9
2 10.0 29.100 1 999.999 9
2 20.0 29.100 1 999.999 9
2 30.0 28.900 1 999.999 9
2 50.0 28.200 1 999.999 9
2 75.0 27.200 1 999.999 9
2 100.0 24.700 1 999.999 9
2 125.0 23.000 1 999.999 9
2 150.0 21.700 1 999.999 9
2 175.0 20.600 1 999.999 9
2 200.0 19.000 1 999.999 9
2 250.0 14.500 1 999.999 9
1 1977012705 0.967 136.967 7 1 1
2 0.0 29.500 1 34.648 1
2 10.0 29.180 1 34.665 1
2 20.0 29.120 1 34.662 1
2 30.0 29.060 1 34.667 1
2 50.0 27.890 1 34.963 1
2 74.0 26.460 1 35.233 1
2 99.0 24.220 1 35.397 1
2 124.0 22.340 1 35.407 1
2 149.0 21.300 1 35.236 1
2 174.0 20.220 1 35.377 1
2 199.0 18.800 1 35.365 1
2 223.0 18.000 1 35.429 1
2 248.0 15.560 1 35.246 1
2 273.0 14.040 1 35.109 1
2 298.0 12.730 1 34.995 1
2 384.0 9.690 1 34.730 1
2 439.0 8.900 1 34.664 1
2 493.0 8.290 1 34.622 1
2 548.0 7.500 1 34.585 1
2 656.0 6.400 1 34.555 1
2 871.0 5.260 1 34.542 1
2 1085.0 4.130 1 34.564 1
2 1300.0 3.410 1 34.585 1
2 1622.0 2.750 1 34.611 1
1 1977012705 0.967 137.000 2 1 0
2 0.0 29.300 1 999.999 9
2 10.0 29.200 1 999.999 9
2 20.0 29.200 1 999.999 9
2 30.0 29.200 1 999.999 9
2 50.0 28.100 1 999.999 9
2 75.0 26.500 1 999.999 9
2 100.0 24.000 1 999.999 9
2 150.0 20.000 1 999.999 9
2 200.0 18.300 1 999.999 9
2 250.0 15.300 1 999.999 9
2 300.0 12.000 1 999.999 9
2 350.0 10.100 1 999.999 9
2 400.0 9.500 1 999.999 9
2 450.0 8.800 1 999.999 9
1 1977012713 0.500 137.000 2 1 0
2 0.0 29.000 1 999.999 9
2 10.0 29.000 1 999.999 9
2 20.0 29.000 1 999.999 9
2 30.0 29.000 1 999.999 9
2 50.0 28.200 1 999.999 9
2 75.0 27.100 1 999.999 9
2 100.0 24.700 1 999.999 9
2 150.0 20.900 1 999.999 9
2 200.0 18.400 1 999.999 9
2 250.0 16.400 1 999.999 9
2 300.0 12.000 1 999.999 9
2 350.0 10.300 1 999.999 9
2 400.0 9.500 1 999.999 9
2 450.0 9.000 1 999.999 9
1 1977012713 0.500 137.000 7 1 1
2 0.0 29.000 1 34.526 1
2 10.0 28.960 1 34.510 1
2 20.0 29.030 1 34.615 1
2 30.0 28.840 1 34.789 1
2 50.0 27.790 1 34.981 1
2 75.0 25.420 1 35.319 1
2 100.0 23.770 1 35.310 1
2 125.0 21.940 1 35.327 1
2 149.0 20.620 1 35.248 1
2 174.0 20.850 1 35.518 1
2 199.0 18.570 1 35.478 1
2 224.0 17.490 1 35.396 1
2 249.0 16.400 1 35.310 1
2 274.0 14.300 1 35.133 1
2 299.0 12.690 1 34.992 1
2 338.0 10.310 1 34.777 1
2 387.0 9.520 1 34.709 1
2 437.0 9.070 1 34.670 1
2 486.0 8.190 1 34.615 1
2 585.0 6.700 1 34.549 1
2 932.0 4.920 1 34.554 1
1 1977012721 0.017 137.017 2 1 0
2 0.0 28.900 1 999.999 9
2 10.0 28.900 1 999.999 9
2 20.0 28.900 1 999.999 9
2 30.0 28.900 1 999.999 9
2 50.0 28.500 1 999.999 9
2 75.0 26.500 1 999.999 9
2 100.0 24.500 1 999.999 9
2 150.0 21.900 1 999.999 9
2 200.0 18.100 1 999.999 9
2 250.0 15.400 1 999.999 9
2 300.0 12.700 1 999.999 9
2 350.0 9.800 1 999.999 9
2 400.0 9.200 1 999.999 9
2 450.0 9.000 1 999.999 9
1 1977012721 0.017 137.017 7 1 1
2 0.0 29.000 1 34.708 1
2 10.0 29.060 1 34.704 1
2 21.0 29.080 1 34.708 1
2 31.0 28.990 1 34.718 1
2 52.0 28.400 1 34.844 1
2 77.0 26.240 1 35.296 1
2 103.0 24.410 1 35.367 1
2 128.0 22.180 1 35.284 1
2 153.0 21.780 1 35.341 1
2 178.0 20.600 1 35.527 1
2 204.0 18.560 1 35.471 1
2 229.0 17.540 1 35.399 1
2 254.0 15.840 1 35.264 1
2 279.0 14.300 1 35.131 1
2 305.0 12.570 1 34.995 1
2 377.0 9.660 1 34.724 1
2 434.0 9.000 1 34.676 1
2 491.0 8.120 1 34.607 1
2 549.0 7.360 1 34.574 1
2 666.0 6.450 1 34.548 1
2 902.0 5.020 1 34.540 1
2 1138.0 4.000 1 34.562 1
2 1375.0 3.270 1 34.590 1
2 1731.0 2.650 1 34.618 1
1 1977012805 1.250 135.467 1 1 0
2 0.0 29.000 1 999.999 9
2 10.0 29.000 1 999.999 9
2 20.0 29.000 1 999.999 9
2 30.0 28.800 1 999.999 9
2 50.0 28.100 1 999.999 9
2 75.0 27.000 1 999.999 9
2 100.0 25.800 1 999.999 9
2 125.0 25.000 1 999.999 9
2 150.0 22.400 1 999.999 9
2 175.0 20.400 1 999.999 9
2 200.0 19.800 1 999.999 9
2 250.0 14.800 1 999.999 9
1 1977012814 1.000 137.000 2 1 0
2 0.0 28.800 1 999.999 9
2 10.0 28.800 1 999.999 9
2 20.0 28.800 1 999.999 9
2 30.0 28.700 1 999.999 9
2 50.0 28.100 1 999.999 9
2 75.0 26.300 1 999.999 9
2 100.0 24.400 1 999.999 9
2 150.0 22.700 1 999.999 9
2 200.0 19.000 1 999.999 9
2 250.0 15.700 1 999.999 9
2 300.0 10.100 1 999.999 9
2 350.0 9.800 1 999.999 9
2 400.0 9.000 1 999.999 9
2 450.0 8.300 1 999.999 9
1 1977012905 1.167 135.500 1 1 0
2 0.0 29.000 1 999.999 9
2 10.0 29.000 1 999.999 9
2 20.0 29.000 1 999.999 9
2 30.0 28.800 1 999.999 9
2 50.0 28.100 1 999.999 9
2 75.0 26.800 1 999.999 9
2 100.0 25.600 1 999.999 9
2 125.0 24.500 1 999.999 9
2 150.0 22.200 1 999.999 9
2 175.0 20.500 1 999.999 9
2 200.0 19.500 1 999.999 9
2 250.0 14.100 1 999.999 9
1 1977013003 1.217 135.817 1 1 0
2 0.0 29.000 1 999.999 9
2 10.0 29.000 1 999.999 9
2 20.0 28.900 1 999.999 9
2 30.0 28.800 1 999.999 9
2 50.0 28.300 1 999.999 9
2 75.0 26.800 1 999.999 9
2 100.0 25.300 1 999.999 9
2 125.0 23.800 1 999.999 9
2 150.0 22.300 1 999.999 9
2 175.0 20.300 1 999.999 9
2 200.0 19.200 1 999.999 9
2 250.0 15.600 1 999.999 9
1 1977013103 0.967 135.867 1 1 0
2 0.0 28.900 1 999.999 9
2 10.0 28.900 1 999.999 9
2 20.0 28.900 1 999.999 9
2 30.0 28.800 1 999.999 9
2 50.0 28.500 1 999.999 9
2 75.0 27.100 1 999.999 9
2 100.0 25.500 1 999.999 9
2 125.0 24.700 1 999.999 9
2 150.0 22.500 1 999.999 9
2 175.0 20.800 1 999.999 9
2 200.0 19.700 1 999.999 9
2 250.0 15.400 1 999.999 9
1 1977013118 1.317 135.867 1 1 0
2 0.0 29.000 1 999.999 9
2 10.0 29.000 1 999.999 9
2 20.0 29.000 1 999.999 9
2 30.0 28.900 1 999.999 9
2 50.0 28.300 1 999.999 9
2 75.0 27.100 1 999.999 9
2 100.0 25.200 1 999.999 9
2 125.0 24.100 1 999.999 9
2 150.0 23.200 1 999.999 9
2 200.0 19.500 1 999.999 9
2 250.0 15.200 1 999.999 9
1 1977020103 1.317 135.867 1 1 0
2 0.0 29.000 1 999.999 9
2 10.0 29.000 1 999.999 9
2 20.0 29.000 1 999.999 9
2 30.0 28.900 1 999.999 9
2 50.0 28.300 1 999.999 9
2 75.0 27.100 1 999.999 9
2 100.0 25.200 1 999.999 9
2 125.0 24.100 1 999.999 9
2 150.0 23.200 1 999.999 9
2 175.0 20.500 1 999.999 9
2 200.0 19.500 1 999.999 9
2 250.0 15.200 1 999.999 9
1 1977020203 1.383 135.633 1 1 0
2 0.0 29.100 1 999.999 9
2 10.0 29.100 1 999.999 9
2 20.0 29.000 1 999.999 9
2 30.0 28.900 1 999.999 9
2 50.0 28.300 1 999.999 9
2 75.0 27.000 1 999.999 9
2 100.0 25.300 1 999.999 9
2 125.0 23.900 1 999.999 9
2 150.0 22.900 1 999.999 9
2 175.0 20.600 1 999.999 9
2 200.0 19.800 1 999.999 9
2 250.0 16.000 1 999.999 9
1 1977020304 1.517 135.417 1 1 0
2 0.0 29.000 1 999.999 9
2 10.0 29.000 1 999.999 9
2 20.0 28.900 1 999.999 9
2 30.0 28.600 1 999.999 9
2 50.0 27.500 1 999.999 9
2 75.0 26.000 1 999.999 9
2 100.0 25.100 1 999.999 9
2 125.0 24.000 1 999.999 9
2 150.0 22.100 1 999.999 9
2 175.0 20.500 1 999.999 9
2 200.0 19.500 1 999.999 9
2 250.0 14.400 1 999.999 9
1 1977021212 0.850 135.567 1 1 0
2 0.0 28.500 1 999.999 9
2 10.0 28.500 1 999.999 9
2 20.0 28.500 1 999.999 9
2 30.0 28.300 1 999.999 9
2 50.0 27.500 1 999.999 9
2 75.0 25.800 1 999.999 9
2 100.0 24.300 1 999.999 9
2 125.0 22.300 1 999.999 9
2 150.0 21.700 1 999.999 9
2 175.0 19.500 1 999.999 9
2 200.0 18.700 1 999.999 9
2 250.0 15.000 1 999.999 9
1 1977021412 1.617 134.367 1 1 0
2 0.0 28.300 1 999.999 9
2 10.0 28.300 1 999.999 9
2 20.0 28.300 1 999.999 9
2 30.0 28.000 1 999.999 9
2 50.0 27.000 1 999.999 9
2 75.0 26.000 1 999.999 9
2 100.0 23.700 1 999.999 9
2 125.0 22.500 1 999.999 9
2 150.0 21.300 1 999.999 9
2 175.0 20.200 1 999.999 9
2 200.0 19.300 1 999.999 9
2 250.0 16.000 1 999.999 9
1 1977021512 0.667 133.317 1 1 0
2 0.0 28.500 1 999.999 9
2 10.0 28.500 1 999.999 9
2 20.0 28.500 1 999.999 9
2 30.0 28.400 1 999.999 9
2 50.0 27.800 1 999.999 9
2 75.0 26.000 1 999.999 9
2 100.0 24.500 1 999.999 9
2 125.0 22.700 1 999.999 9
2 150.0 20.200 1 999.999 9
2 175.0 19.800 1 999.999 9
2 200.0 19.200 1 999.999 9
2 250.0 14.500 1 999.999 9
1 1977021912 3.017 130.067 1 1 0
2 0.0 27.800 1 999.999 9
2 10.0 27.700 1 999.999 9
2 20.0 27.600 1 999.999 9
2 30.0 27.300 1 999.999 9
2 50.0 26.700 1 999.999 9
2 75.0 26.300 1 999.999 9
2 100.0 24.200 1 999.999 9
2 125.0 21.600 1 999.999 9
2 150.0 20.300 1 999.999 9
2 175.0 18.700 1 999.999 9
2 200.0 17.200 1 999.999 9
2 250.0 15.200 1 999.999 9
1 1977022012 3.967 130.883 1 1 0
2 0.0 27.800 1 999.999 9
2 10.0 27.800 1 999.999 9
2 20.0 27.800 1 999.999 9
2 30.0 27.800 1 999.999 9
2 50.0 27.800 1 999.999 9
2 75.0 25.500 1 999.999 9
2 100.0 23.700 1 999.999 9
2 125.0 22.500 1 999.999 9
2 150.0 22.500 1 999.999 9
2 175.0 21.300 1 999.999 9
2 200.0 20.200 1 999.999 9
2 250.0 15.800 1 999.999 9
1 1977022112 4.967 130.850 1 1 0
2 0.0 27.500 1 999.999 9
2 10.0 27.500 1 999.999 9
2 20.0 27.500 1 999.999 9
2 30.0 27.500 1 999.999 9
2 50.0 27.500 1 999.999 9
2 75.0 25.500 1 999.999 9
2 100.0 24.000 1 999.999 9
2 125.0 22.300 1 999.999 9
2 150.0 20.000 1 999.999 9
2 175.0 19.000 1 999.999 9
2 200.0 17.500 1 999.999 9
2 250.0 14.500 1 999.999 9
1 1977022114 3.017 130.267 E 0 1
2 0.0 999.999 9 32.800 1
1 1977022212 5.217 131.383 1 1 0
2 0.0 27.500 1 999.999 9
2 10.0 27.500 1 999.999 9
2 20.0 27.400 1 999.999 9
2 30.0 27.200 1 999.999 9
2 50.0 26.400 1 999.999 9
2 75.0 24.300 1 999.999 9
2 100.0 23.200 1 999.999 9
2 125.0 21.600 1 999.999 9
2 150.0 19.200 1 999.999 9
2 175.0 16.800 1 999.999 9
2 200.0 15.900 1 999.999 9
2 250.0 13.100 1 999.999 9
1 1977022312 6.083 131.017 1 1 0
2 0.0 27.200 1 999.999 9
2 10.0 27.200 1 999.999 9
2 20.0 27.200 1 999.999 9
2 30.0 27.200 1 999.999 9
2 50.0 27.200 1 999.999 9
2 75.0 25.000 1 999.999 9
2 100.0 22.300 1 999.999 9
2 125.0 18.500 1 999.999 9
2 150.0 16.300 1 999.999 9
2 175.0 15.800 1 999.999 9
2 200.0 13.800 1 999.999 9
2 250.0 12.000 1 999.999 9
1 1977030113 8.000 138.267 7 1 1
2 0.0 27.600 1 34.084 1
2 10.0 27.620 1 34.088 1
2 21.0 27.630 1 34.080 1
2 31.0 27.590 1 34.076 1
2 52.0 27.560 1 34.221 1
2 77.0 26.260 1 34.590 1
2 103.0 20.110 1 34.823 1
2 154.0 14.940 1 34.662 1
2 206.0 11.190 1 34.586 1
2 308.0 8.940 1 34.578 1
2 410.0 7.900 1 34.575 1
2 513.0 7.240 1 34.567 1
1 1977030201 6.000 138.500 7 1 1
2 0.0 28.230 1 34.681 1
2 10.0 27.830 1 34.686 1
2 20.0 27.810 1 34.686 1
2 30.0 27.880 1 34.686 1
2 50.0 27.830 1 34.686 1
2 75.0 27.600 1 34.670 1
2 100.0 26.820 1 34.505 1
2 150.0 19.850 1 34.813 1
2 200.0 12.500 1 34.527 1
2 300.0 8.780 1 34.548 1
2 400.0 7.940 1 34.587 1
2 500.0 7.460 1 34.595 1
1 1977030218 3.000 139.000 7 1 1
2 0.0 28.800 1 34.419 1
2 10.0 28.780 1 34.419 1
2 20.0 28.840 1 34.419 1
2 30.0 28.760 1 34.441 1
2 50.0 28.740 1 34.621 1
2 75.0 25.380 1 34.596 1
2 100.0 23.900 1 35.215 1
2 150.0 23.860 1 35.322 1
2 200.0 21.700 1 35.322 1
2 300.0 10.070 1 34.919 1
2 400.0 8.580 1 34.720 1
2 500.0 7.760 1 34.670 1
1 1977051209 2.900 130.217 E 0 1
2 0.0 999.999 9 34.870 1
1 1977063012 2.900 137.633 1 1 0
2 0.0 29.100 1 999.999 9
2 10.0 29.000 1 999.999 9
2 20.0 28.900 1 999.999 9
2 30.0 28.600 1 999.999 9
2 50.0 27.800 1 999.999 9
2 75.0 26.800 1 999.999 9
2 100.0 26.600 1 999.999 9
2 125.0 24.600 1 999.999 9
2 150.0 23.300 1 999.999 9
2 175.0 22.300 1 999.999 9
2 200.0 16.800 1 999.999 9
2 250.0 12.800 1 999.999 9
2 270.0 10.800 1 999.999 9
1 1977070112 2.950 137.517 1 1 0
2 0.0 29.100 1 999.999 9
2 10.0 29.100 1 999.999 9
2 20.0 29.100 1 999.999 9
2 30.0 28.800 1 999.999 9
2 50.0 27.600 1 999.999 9
2 75.0 27.100 1 999.999 9
2 100.0 26.400 1 999.999 9
2 125.0 24.600 1 999.999 9
2 150.0 23.100 1 999.999 9
2 175.0 18.300 1 999.999 9
2 200.0 14.600 1 999.999 9
2 250.0 11.500 1 999.999 9
2 270.0 10.900 1 999.999 9
1 1977070212 3.000 137.617 1 1 0
2 0.0 29.100 1 999.999 9
2 10.0 29.100 1 999.999 9
2 20.0 29.100 1 999.999 9
2 30.0 28.900 1 999.999 9
2 50.0 28.000 1 999.999 9
2 75.0 27.000 1 999.999 9
2 100.0 26.100 1 999.999 9
2 125.0 24.800 1 999.999 9
2 150.0 23.100 1 999.999 9
2 175.0 20.900 1 999.999 9
2 200.0 16.100 1 999.999 9
2 250.0 12.300 1 999.999 9
2 270.0 11.300 1 999.999 9
1 1977070312 2.833 137.267 1 1 0
2 0.0 29.100 1 999.999 9
2 10.0 29.000 1 999.999 9
2 20.0 28.900 1 999.999 9
2 30.0 28.500 1 999.999 9
2 50.0 27.400 1 999.999 9
2 75.0 27.000 1 999.999 9
2 100.0 26.600 1 999.999 9
2 125.0 24.300 1 999.999 9
2 150.0 22.800 1 999.999 9
2 175.0 20.800 1 999.999 9
2 200.0 15.600 1 999.999 9
2 250.0 13.600 1 999.999 9
2 270.0 12.600 1 999.999 9
1 1977070315 2.817 130.633 E 0 1
2 0.0 999.999 9 35.490 1
1 1977070407 0.500 137.000 2 1 0
2 0.0 29.000 1 999.999 9
2 10.0 28.900 1 999.999 9
2 20.0 28.800 1 999.999 9
2 30.0 28.800 1 999.999 9
2 50.0 28.900 1 999.999 9
2 75.0 28.900 1 999.999 9
2 100.0 26.600 1 999.999 9
2 150.0 22.100 1 999.999 9
2 200.0 18.200 1 999.999 9
2 250.0 14.100 1 999.999 9
2 300.0 11.600 1 999.999 9
2 350.0 10.700 1 999.999 9
2 400.0 10.600 1 999.999 9
2 450.0 9.600 1 999.999 9
1 1977070407 0.500 137.000 7 1 1
2 0.0 28.800 1 33.989 1
2 9.0 28.900 1 33.970 1
2 24.0 28.700 1 33.993 1
2 47.0 28.890 1 34.119 1
2 70.0 29.140 1 34.449 1
2 93.0 27.900 1 35.185 1
2 116.0 26.120 1 35.374 1
2 140.0 24.280 1 35.541 1
2 163.0 21.700 1 35.591 1
2 186.0 20.000 1 35.540 1
2 210.0 17.960 1 35.413 1
2 233.0 17.470 1 35.374 1
2 256.0 14.060 1 35.108 1
2 280.0 11.680 1 34.897 1
2 356.0 10.420 1 34.761 1
2 404.0 10.300 1 34.771 1
2 453.0 9.260 1 34.688 1
2 502.0 8.260 1 34.616 1
2 600.0 6.630 1 34.534 1
1 1977070412 2.867 138.883 1 1 0
2 0.0 29.100 1 999.999 9
2 10.0 29.100 1 999.999 9
2 20.0 29.100 1 999.999 9
2 30.0 28.900 1 999.999 9
2 50.0 28.100 1 999.999 9
2 75.0 27.100 1 999.999 9
2 100.0 26.400 1 999.999 9
2 125.0 24.800 1 999.999 9
2 150.0 23.000 1 999.999 9
2 175.0 18.900 1 999.999 9
2 200.0 16.600 1 999.999 9
2 250.0 12.300 1 999.999 9
2 270.0 11.600 1 999.999 9
1 1977070412 0.967 137.000 2 1 0
2 0.0 28.700 1 999.999 9
2 10.0 28.700 1 999.999 9
2 20.0 28.700 1 999.999 9
2 30.0 28.700 1 999.999 9
2 50.0 28.700 1 999.999 9
2 75.0 28.800 1 999.999 9
2 100.0 28.200 1 999.999 9
2 150.0 23.500 1 999.999 9
2 200.0 19.300 1 999.999 9
2 250.0 15.100 1 999.999 9
2 300.0 12.100 1 999.999 9
2 350.0 9.800 1 999.999 9
2 400.0 9.800 1 999.999 9
2 450.0 9.300 1 999.999 9
1 1977070412 0.967 137.000 7 1 1
2 0.0 28.700 1 33.874 1
2 10.0 28.750 1 33.915 1
2 24.0 28.790 1 34.071 1
2 48.0 29.050 1 34.461 1
2 71.0 28.720 1 35.033 1
2 95.0 28.020 1 35.236 1
2 117.0 26.200 1 35.306 1
2 139.0 23.260 1 35.561 1
2 160.0 22.300 1 35.593 1
2 181.0 19.290 1 35.505 1
2 201.0 18.690 1 35.449 1
2 221.0 17.980 1 35.408 1
2 243.0 15.280 1 35.211 1
2 266.0 11.950 1 34.930 1
2 321.0 9.880 1 34.662 1
2 371.0 9.680 1 34.696 1
2 422.0 9.560 1 34.708 1
2 473.0 8.370 1 34.631 1
2 566.0 6.720 1 34.547 1
2 756.0 5.620 1 34.532 1
2 953.0 4.760 1 34.547 1
2 1152.0 4.000 1 34.566 1
1 1977070418 1.517 137.000 2 1 0
2 0.0 29.000 1 999.999 9
2 10.0 29.000 1 999.999 9
2 20.0 28.900 1 999.999 9
2 30.0 28.800 1 999.999 9
2 50.0 28.600 1 999.999 9
2 75.0 28.500 1 999.999 9
2 100.0 26.500 1 999.999 9
2 150.0 20.700 1 999.999 9
2 200.0 17.800 1 999.999 9
2 250.0 13.000 1 999.999 9
2 300.0 12.800 1 999.999 9
2 350.0 9.200 1 999.999 9
2 400.0 8.800 1 999.999 9
2 450.0 8.200 1 999.999 9
1 1977070418 1.517 137.017 7 1 1
2 0.0 29.100 1 33.984 1
2 10.0 28.860 1 33.980 1
2 24.0 28.700 1 33.976 1
2 48.0 28.510 1 34.518 1
2 72.0 28.740 1 35.018 1
2 95.0 26.990 1 35.093 1
2 117.0 24.260 1 35.203 1
2 138.0 22.500 1 35.166 1
2 157.0 20.300 1 35.489 1
2 177.0 17.740 1 35.047 1
2 198.0 17.930 1 35.319 1
2 221.0 16.340 1 35.288 1
2 228.0 15.000 1 35.162 1
2 244.0 13.220 1 35.045 1
2 262.0 12.690 1 34.988 1
2 270.0 12.600 1 34.973 1
2 299.0 12.540 1 34.964 1
2 337.0 9.540 1 34.646 1
2 437.0 8.110 1 34.617 1
1 1977070501 1.967 137.000 2 1 0
2 0.0 28.800 1 999.999 9
2 10.0 28.800 1 999.999 9
2 20.0 28.800 1 999.999 9
2 30.0 28.800 1 999.999 9
2 50.0 28.700 1 999.999 9
2 75.0 28.000 1 999.999 9
2 100.0 26.900 1 999.999 9
2 150.0 21.700 1 999.999 9
2 200.0 17.300 1 999.999 9
2 250.0 14.700 1 999.999 9
2 300.0 13.500 1 999.999 9
2 350.0 9.500 1 999.999 9
2 400.0 8.600 1 999.999 9
2 450.0 8.000 1 999.999 9
1 1977070501 1.967 137.000 7 1 1
2 0.0 28.900 1 34.093 1
2 10.0 28.870 1 34.063 1
2 24.0 28.800 1 34.146 1
2 49.0 28.320 1 34.687 1
2 72.0 27.360 1 35.060 1
2 97.0 26.510 1 35.190 1
2 120.0 24.580 1 35.235 1
2 143.0 21.540 1 35.173 1
2 166.0 20.380 1 35.173 1
2 189.0 17.000 1 35.005 1
2 213.0 17.290 1 35.329 1
2 238.0 16.720 1 35.315 1
2 262.0 14.350 1 35.130 1
2 288.0 13.680 1 35.068 1
2 316.0 13.020 1 35.023 1
2 356.0 9.190 1 34.639 1
2 401.0 8.260 1 34.600 1
2 439.0 7.740 1 34.580 1
2 527.0 6.920 1 34.563 1
2 699.0 6.090 1 34.546 1
2 903.0 5.220 1 34.547 1
2 1112.0 4.140 1 34.566 1
1 1977070508 2.500 137.000 2 1 0
2 0.0 28.900 1 999.999 9
2 10.0 28.900 1 999.999 9
2 20.0 28.900 1 999.999 9
2 30.0 28.900 1 999.999 9
2 50.0 28.300 1 999.999 9
2 75.0 27.800 1 999.999 9
2 100.0 26.500 1 999.999 9
2 150.0 22.500 1 999.999 9
2 200.0 15.700 1 999.999 9
2 250.0 14.000 1 999.999 9
2 300.0 10.400 1 999.999 9
2 350.0 8.800 1 999.999 9
2 400.0 8.300 1 999.999 9
2 450.0 7.500 1 999.999 9
1 1977070508 2.500 137.000 7 1 1
2 0.0 28.900 1 34.042 1
2 10.0 28.830 1 34.003 1
2 24.0 28.690 1 34.014 1
2 49.0 27.840 1 34.878 1
2 73.0 27.510 1 35.056 1
2 97.0 25.920 1 35.165 1
2 122.0 23.290 1 35.249 1
2 146.0 22.630 1 35.259 1
2 171.0 19.640 1 35.148 1
2 195.0 15.710 1 34.909 1
2 219.0 16.300 1 35.254 1
2 244.0 14.100 1 34.803 1
2 268.0 13.770 1 34.787 1
2 292.0 11.980 1 34.591 1
2 337.0 8.910 1 34.558 1
2 379.0 8.010 1 34.572 1
2 419.0 7.590 1 34.574 1
2 464.0 7.080 1 34.563 1
2 561.0 6.560 1 34.552 1
1 1977070512 3.117 138.850 1 1 0
2 0.0 28.900 1 999.999 9
2 10.0 28.900 1 999.999 9
2 20.0 28.800 1 999.999 9
2 30.0 28.600 1 999.999 9
2 50.0 27.900 1 999.999 9
2 75.0 27.200 1 999.999 9
2 100.0 26.900 1 999.999 9
2 125.0 24.800 1 999.999 9
2 150.0 22.700 1 999.999 9
2 175.0 19.800 1 999.999 9
2 200.0 15.300 1 999.999 9
2 250.0 11.800 1 999.999 9
2 270.0 11.000 1 999.999 9
1 1977070516 3.000 137.017 7 1 1
2 0.0 28.800 1 34.010 1
2 10.0 28.790 1 33.982 1
2 25.0 28.780 1 33.983 1
2 50.0 27.380 1 34.716 1
2 75.0 26.910 1 34.994 1
2 99.0 26.420 1 35.181 1
2 124.0 24.630 1 35.028 1
2 148.0 20.610 1 35.022 1
2 172.0 17.020 1 34.817 1
2 196.0 16.240 1 34.896 1
2 219.0 12.390 1 34.576 1
2 242.0 11.550 1 34.524 1
2 265.0 9.840 1 34.514 1
2 288.0 9.130 1 34.553 1
2 293.0 9.040 1 34.557 1
2 334.0 8.400 1 34.572 1
2 374.0 7.990 1 34.573 1
2 415.0 7.320 1 34.551 1
2 497.0 6.950 1 34.563 1
2 662.0 6.000 1 34.539 1
2 835.0 5.320 1 34.545 1
2 1015.0 4.570 1 34.557 1
1 1977070516 3.000 136.967 2 1 0
2 0.0 28.800 1 999.999 9
2 10.0 28.800 1 999.999 9
2 20.0 28.800 1 999.999 9
2 30.0 28.800 1 999.999 9
2 50.0 27.800 1 999.999 9
2 75.0 27.300 1 999.999 9
2 100.0 26.800 1 999.999 9
2 150.0 19.500 1 999.999 9
2 200.0 15.500 1 999.999 9
2 250.0 11.200 1 999.999 9
2 300.0 9.400 1 999.999 9
2 350.0 8.700 1 999.999 9
2 400.0 8.200 1 999.999 9
2 450.0 7.400 1 999.999 9
1 1977070522 3.500 137.000 2 1 0
2 0.0 29.000 1 999.999 9
2 10.0 29.000 1 999.999 9
2 20.0 29.000 1 999.999 9
2 30.0 29.000 1 999.999 9
2 50.0 28.500 1 999.999 9
2 75.0 27.000 1 999.999 9
2 100.0 26.100 1 999.999 9
2 150.0 19.300 1 999.999 9
2 200.0 13.900 1 999.999 9
2 250.0 10.200 1 999.999 9
2 300.0 9.300 1 999.999 9
2 350.0 8.100 1 999.999 9
2 400.0 7.800 1 999.999 9
2 450.0 7.400 1 999.999 9
1 1977070522 3.467 136.933 7 1 1
2 0.0 28.800 1 34.016 1
2 10.0 28.780 1 33.985 1
2 25.0 28.740 1 33.985 1
2 49.0 28.240 1 34.315 1
2 74.0 27.100 1 34.474 1
2 98.0 25.760 1 34.808 1
2 122.0 23.970 1 34.917 1
2 145.0 19.200 1 34.807 1
2 168.0 16.670 1 34.696 1
2 191.0 14.250 1 34.608 1
2 214.0 12.390 1 34.528 1
2 237.0 10.270 1 34.456 1
2 262.0 9.610 1 34.528 1
2 287.0 8.940 1 34.563 1
2 335.0 7.870 1 34.521 1
2 385.0 7.480 1 34.544 1
2 435.0 7.270 1 34.557 1
2 485.0 6.860 1 34.543 1
2 588.0 6.250 1 34.533 1
1 1977070605 4.000 136.967 2 1 0
2 0.0 29.400 1 999.999 9
2 10.0 29.400 1 999.999 9
2 20.0 29.400 1 999.999 9
2 30.0 29.400 1 999.999 9
2 50.0 29.200 1 999.999 9
2 75.0 28.300 1 999.999 9
2 100.0 25.100 1 999.999 9
2 150.0 16.500 1 999.999 9
2 200.0 11.700 1 999.999 9
2 250.0 9.900 1 999.999 9
2 300.0 9.100 1 999.999 9
2 350.0 8.400 1 999.999 9
2 400.0 8.000 1 999.999 9
2 450.0 7.800 1 999.999 9
1 1977070605 4.000 136.967 7 1 1
2 0.0 29.300 1 34.101 1
2 10.0 29.170 1 34.073 1
2 25.0 29.130 1 34.071 1
2 51.0 28.710 1 34.492 1
2 76.0 27.360 1 34.570 1
2 102.0 24.240 1 34.725 1
2 126.0 20.470 1 34.786 1
2 150.0 17.330 1 34.734 1
2 172.0 14.310 1 34.591 1
2 195.0 12.250 1 34.516 1
2 217.0 10.700 1 34.468 1
2 241.0 9.680 1 34.454 1
2 266.0 9.380 1 34.522 1
2 292.0 8.800 1 34.546 1
2 300.0 8.720 1 34.559 1
2 338.0 8.120 1 34.566 1
2 378.0 7.840 1 34.570 1
2 418.0 7.550 1 34.569 1
2 500.0 7.080 1 34.550 1
2 670.0 5.980 1 34.538 1
2 857.0 5.050 1 34.544 1
2 1053.0 4.240 1 34.561 1
1 1977070611 4.500 136.967 2 1 0
2 0.0 29.200 1 999.999 9
2 10.0 29.200 1 999.999 9
2 20.0 29.200 1 999.999 9
2 30.0 29.200 1 999.999 9
2 50.0 29.200 1 999.999 9
2 75.0 28.500 1 999.999 9
2 100.0 27.300 1 999.999 9
2 150.0 20.300 1 999.999 9
2 200.0 12.700 1 999.999 9
2 250.0 10.400 1 999.999 9
2 300.0 10.500 1 999.999 9
2 350.0 10.100 1 999.999 9
2 400.0 9.400 1 999.999 9
2 450.0 9.200 1 999.999 9
1 1977070613 4.500 136.967 7 1 1
2 0.0 28.900 1 34.065 1
2 10.0 29.050 1 34.054 1
2 25.0 29.040 1 34.053 1
2 50.0 28.800 1 34.432 1
2 75.0 28.120 1 34.707 1
2 100.0 26.900 1 34.784 1
2 124.0 22.650 1 34.827 1
2 148.0 19.270 1 34.806 1
2 170.0 15.740 1 34.674 1
2 194.0 12.570 1 34.556 1
2 217.0 11.180 1 34.477 1
2 243.0 9.920 1 34.559 1
2 268.0 9.640 1 34.571 1
2 295.0 8.980 1 34.582 1
2 305.0 8.700 1 34.572 1
2 346.0 8.160 1 34.592 1
2 392.0 7.720 1 34.584 1
2 494.0 7.070 1 34.565 1
1 1977070618 5.000 136.967 2 1 0
2 0.0 29.100 1 999.999 9
2 10.0 29.100 1 999.999 9
2 20.0 29.100 1 999.999 9
2 30.0 29.100 1 999.999 9
2 50.0 29.200 1 999.999 9
2 75.0 28.300 1 999.999 9
2 100.0 24.100 1 999.999 9
2 150.0 16.800 1 999.999 9
2 200.0 12.300 1 999.999 9
2 250.0 9.600 1 999.999 9
2 300.0 8.700 1 999.999 9
2 350.0 8.200 1 999.999 9
2 400.0 7.800 1 999.999 9
2 450.0 7.700 1 999.999 9
1 1977070618 5.000 136.967 7 1 1
2 0.0 28.800 1 33.947 1
2 11.0 29.060 1 33.933 1
2 26.0 29.030 1 33.962 1
2 52.0 29.000 1 34.545 1
2 78.0 26.950 1 34.749 1
2 103.0 24.250 1 34.800 1
2 129.0 20.430 1 34.806 1
2 154.0 17.210 1 34.727 1
2 180.0 14.760 1 34.634 1
2 206.0 12.080 1 34.523 1
2 232.0 10.080 1 34.490 1
2 259.0 9.140 1 34.534 1
2 286.0 8.630 1 34.580 1
2 314.0 8.070 1 34.575 1
2 363.0 7.680 1 34.579 1
2 416.0 7.390 1 34.577 1
2 470.0 7.100 1 34.562 1
2 524.0 6.770 1 34.553 1
2 633.0 6.180 1 34.539 1
2 851.0 4.960 1 34.547 1
2 1072.0 4.170 1 34.565 1
2 1296.0 3.490 1 34.583 1
2 1568.0 2.980 1 34.605 1
2 2045.0 2.230 1 34.638 1
2 2525.0 1.830 1 34.660 1
2 3008.0 1.630 1 34.671 1
2 3494.0 1.570 1 34.678 1
2 3984.0 1.520 1 34.684 1
1 1977070702 5.467 137.000 2 1 0
2 0.0 29.100 1 999.999 9
2 10.0 29.100 1 999.999 9
2 20.0 29.100 1 999.999 9
2 30.0 29.100 1 999.999 9
2 50.0 29.100 1 999.999 9
2 75.0 28.300 1 999.999 9
2 100.0 26.300 1 999.999 9
2 150.0 18.700 1 999.999 9
2 200.0 11.800 1 999.999 9
2 250.0 9.600 1 999.999 9
2 300.0 8.600 1 999.999 9
2 350.0 8.200 1 999.999 9
2 400.0 8.000 1 999.999 9
2 450.0 7.600 1 999.999 9
1 1977070702 5.500 137.000 7 1 1
2 0.0 29.100 1 34.022 1
2 10.0 29.100 1 33.998 1
2 25.0 29.090 1 34.036 1
2 51.0 29.080 1 34.367 1
2 76.0 28.360 1 34.503 1
2 102.0 26.150 1 34.631 1
2 127.0 22.810 1 34.819 1
2 151.0 18.490 1 34.775 1
2 176.0 14.810 1 34.624 1
2 202.0 12.510 1 34.522 1
2 226.0 10.680 1 34.469 1
2 252.0 9.490 1 34.534 1
2 277.0 9.080 1 34.578 1
2 304.0 8.580 1 34.582 1
2 367.0 7.940 1 34.576 1
2 422.0 7.660 1 34.582 1
2 478.0 7.070 1 34.556 1
2 536.0 6.700 1 34.543 1
2 653.0 6.180 1 34.538 1
1 1977070708 6.017 136.967 2 1 0
2 0.0 29.400 1 999.999 9
2 10.0 29.400 1 999.999 9
2 20.0 29.400 1 999.999 9
2 30.0 29.400 1 999.999 9
2 50.0 29.400 1 999.999 9
2 75.0 27.200 1 999.999 9
2 100.0 25.100 1 999.999 9
2 150.0 18.600 1 999.999 9
2 200.0 12.500 1 999.999 9
2 250.0 10.000 1 999.999 9
2 300.0 9.000 1 999.999 9
2 350.0 8.600 1 999.999 9
2 400.0 8.200 1 999.999 9
2 450.0 7.800 1 999.999 9
1 1977070708 6.017 136.917 7 1 1
2 0.0 29.100 1 34.073 1
2 10.0 29.250 1 34.071 1
2 26.0 29.220 1 34.076 1
2 53.0 28.380 1 34.549 1
2 79.0 26.840 1 34.818 1
2 105.0 24.410 1 34.774 1
2 132.0 21.720 1 34.794 1
2 159.0 15.940 1 34.664 1
2 185.0 12.830 1 34.537 1
2 212.0 11.340 1 34.515 1
2 238.0 10.130 1 34.505 1
2 266.0 9.320 1 34.555 1
2 292.0 8.740 1 34.565 1
2 320.0 8.430 1 34.574 1
2 367.0 8.020 1 34.576 1
2 420.0 7.590 1 34.562 1
2 473.0 7.320 1 34.556 1
2 526.0 7.050 1 34.548 1
2 632.0 6.340 1 34.533 1
2 846.0 5.310 1 34.539 1
2 1062.0 4.320 1 34.552 1
2 1280.0 3.570 1 34.570 1
1 1977070712 3.117 138.867 1 1 0
2 0.0 28.800 1 999.999 9
2 10.0 28.800 1 999.999 9
2 20.0 28.800 1 999.999 9
2 30.0 28.600 1 999.999 9
2 50.0 27.800 1 999.999 9
2 75.0 27.300 1 999.999 9
2 100.0 26.800 1 999.999 9
2 125.0 26.100 1 999.999 9
2 150.0 23.000 1 999.999 9
2 175.0 20.000 1 999.999 9
2 200.0 17.700 1 999.999 9
2 250.0 13.300 1 999.999 9
2 270.0 12.100 1 999.999 9
1 1977070713 6.467 136.967 2 1 0
2 0.0 29.300 1 999.999 9
2 10.0 29.300 1 999.999 9
2 20.0 29.300 1 999.999 9
2 30.0 29.300 1 999.999 9
2 50.0 29.000 1 999.999 9
2 75.0 28.000 1 999.999 9
2 100.0 25.400 1 999.999 9
2 150.0 17.600 1 999.999 9
2 200.0 12.100 1 999.999 9
2 250.0 9.600 1 999.999 9
2 300.0 9.100 1 999.999 9
2 350.0 8.500 1 999.999 9
2 400.0 8.100 1 999.999 9
2 450.0 7.700 1 999.999 9
1 1977070713 6.467 136.967 7 1 1
2 0.0 29.100 1 34.014 1
2 10.0 29.180 1 33.985 1
2 24.0 29.180 1 33.983 1
2 48.0 28.820 1 34.665 1
2 72.0 27.720 1 34.799 1
2 96.0 25.920 1 34.760 1
2 120.0 21.610 1 34.793 1
2 144.0 18.690 1 34.753 1
2 167.0 15.180 1 34.633 1
2 191.0 12.770 1 34.549 1
2 215.0 10.610 1 34.484 1
2 239.0 9.440 1 34.525 1
2 264.0 9.040 1 34.571 1
2 289.0 8.840 1 34.595 1
2 358.0 8.130 1 34.565 1
2 411.0 7.700 1 34.560 1
2 464.0 7.330 1 34.541 1
2 518.0 7.110 1 34.548 1
2 626.0 6.450 1 34.531 1
1 1977070718 7.000 137.000 7 1 1
2 0.0 29.100 1 33.727 1
2 10.0 29.180 1 33.707 1
2 25.0 29.240 1 33.770 1
2 52.0 28.760 1 34.448 1
2 77.0 27.330 1 34.577 1
2 103.0 23.420 1 34.762 1
2 129.0 21.330 1 34.833 1
2 155.0 16.050 1 34.673 1
2 180.0 13.260 1 34.559 1
2 208.0 12.050 1 34.541 1
2 235.0 11.290 1 34.539 1
2 263.0 10.310 1 34.562 1
2 290.0 9.400 1 34.588 1
2 318.0 8.750 1 34.566 1
2 379.0 8.120 1 34.562 1
2 432.0 7.740 1 34.559 1
2 486.0 7.400 1 34.559 1
2 541.0 7.220 1 34.550 1
2 651.0 6.460 1 34.532 1
2 875.0 5.180 1 34.527 1
2 1104.0 4.130 1 34.552 1
2 1335.0 3.350 1 34.575 1
1 1977070719 7.000 137.000 2 1 0
2 0.0 29.200 1 999.999 9
2 10.0 29.200 1 999.999 9
2 20.0 29.200 1 999.999 9
2 30.0 29.200 1 999.999 9
2 50.0 28.900 1 999.999 9
2 75.0 27.600 1 999.999 9
2 100.0 25.800 1 999.999 9
2 150.0 18.800 1 999.999 9
2 200.0 12.500 1 999.999 9
2 250.0 11.000 1 999.999 9
2 300.0 9.500 1 999.999 9
2 350.0 8.700 1 999.999 9
2 400.0 8.200 1 999.999 9
2 450.0 7.900 1 999.999 9
1 1977070801 7.517 136.967 2 1 0
2 0.0 29.500 1 999.999 9
2 10.0 29.500 1 999.999 9
2 20.0 29.500 1 999.999 9
2 30.0 29.500 1 999.999 9
2 50.0 29.600 1 999.999 9
2 75.0 29.400 1 999.999 9
2 100.0 27.200 1 999.999 9
2 150.0 20.100 1 999.999 9
2 200.0 13.400 1 999.999 9
2 250.0 11.500 1 999.999 9
2 300.0 10.500 1 999.999 9
2 350.0 9.800 1 999.999 9
2 400.0 9.300 1 999.999 9
2 450.0 8.900 1 999.999 9
1 1977070801 7.517 136.967 7 1 1
2 0.0 29.400 1 34.005 1
2 10.0 29.450 1 33.993 1
2 25.0 29.440 1 34.001 1
2 51.0 29.360 1 34.275 1
2 77.0 28.810 1 34.459 1
2 103.0 26.380 1 34.662 1
2 128.0 22.910 1 34.934 1
2 154.0 19.320 1 34.840 1
2 179.0 14.920 1 34.613 1
2 205.0 12.350 1 34.537 1
2 230.0 11.240 1 34.541 1
2 257.0 10.180 1 34.545 1
2 282.0 9.950 1 34.548 1
2 309.0 9.440 1 34.554 1
2 344.0 8.860 1 34.576 1
2 395.0 8.470 1 34.568 1
2 445.0 7.910 1 34.553 1
2 496.0 7.480 1 34.540 1
2 599.0 6.650 1 34.523 1
1 1977070806 8.000 137.000 2 1 0
2 0.0 29.200 1 999.999 9
2 10.0 29.200 1 999.999 9
2 20.0 29.200 1 999.999 9
2 30.0 29.200 1 999.999 9
2 50.0 29.200 1 999.999 9
2 75.0 28.300 1 999.999 9
2 100.0 25.000 1 999.999 9
2 150.0 18.100 1 999.999 9
2 200.0 12.800 1 999.999 9
2 250.0 11.200 1 999.999 9
2 300.0 9.900 1 999.999 9
2 350.0 9.000 1 999.999 9
2 400.0 8.200 1 999.999 9
2 450.0 7.800 1 999.999 9
1 1977070807 8.000 137.000 7 1 1
2 0.0 29.100 1 34.163 1
2 10.0 29.270 1 34.160 1
2 25.0 29.220 1 34.212 1
2 50.0 28.880 1 34.344 1
2 75.0 27.440 1 34.598 1
2 100.0 24.540 1 34.732 1
2 125.0 21.740 1 34.943 1
2 150.0 18.160 1 34.783 1
2 175.0 15.200 1 34.619 1
2 200.0 13.580 1 34.558 1
2 225.0 11.840 1 34.527 1
2 250.0 10.880 1 34.534 1
2 275.0 10.480 1 34.545 1
2 300.0 9.820 1 34.548 1
2 364.0 8.690 1 34.573 1
2 423.0 7.900 1 34.555 1
2 481.0 7.440 1 34.534 1
2 539.0 6.870 1 34.524 1
2 656.0 6.410 1 34.522 1
2 889.0 5.010 1 34.531 1
2 1126.0 3.880 1 34.557 1
2 1364.0 3.230 1 34.577 1
1 1977070812 3.150 138.217 1 1 0
2 0.0 29.100 1 999.999 9
2 10.0 29.100 1 999.999 9
2 20.0 29.100 1 999.999 9
2 30.0 29.100 1 999.999 9
2 50.0 29.000 1 999.999 9
2 75.0 27.500 1 999.999 9
2 100.0 26.600 1 999.999 9
2 125.0 25.300 1 999.999 9
2 150.0 21.300 1 999.999 9
2 175.0 17.300 1 999.999 9
2 200.0 15.300 1 999.999 9
2 250.0 11.900 1 999.999 9
2 270.0 10.900 1 999.999 9
1 1977070815 9.000 137.000 2 1 0
2 0.0 29.500 1 999.999 9
2 10.0 29.500 1 999.999 9
2 20.0 29.500 1 999.999 9
2 30.0 29.500 1 999.999 9
2 50.0 29.000 1 999.999 9
2 75.0 28.200 1 999.999 9
2 100.0 27.300 1 999.999 9
2 150.0 21.800 1 999.999 9
2 200.0 15.700 1 999.999 9
2 250.0 12.000 1 999.999 9
2 300.0 10.400 1 999.999 9
2 350.0 9.300 1 999.999 9
2 400.0 8.600 1 999.999 9
2 450.0 8.300 1 999.999 9
1 1977070815 9.000 137.000 7 1 1
2 0.0 29.300 1 34.131 1
2 10.0 29.460 1 34.103 1
2 25.0 29.370 1 34.213 1
2 50.0 28.650 1 34.431 1
2 75.0 27.950 1 34.638 1
2 100.0 26.630 1 34.685 1
2 125.0 24.270 1 34.947 1
2 150.0 22.160 1 35.018 1
2 175.0 19.370 1 34.883 1
2 200.0 17.060 1 34.752 1
2 225.0 13.790 1 34.555 1
2 250.0 12.250 1 34.517 1
2 275.0 10.970 1 34.534 1
2 300.0 9.680 1 34.502 1
2 363.0 9.010 1 34.531 1
2 415.0 8.370 1 34.530 1
2 468.0 7.960 1 34.539 1
2 519.0 7.420 1 34.527 1
2 623.0 6.760 1 34.524 1
2 831.0 5.560 1 34.527 1
2 1042.0 4.430 1 34.546 1
2 1260.0 3.660 1 34.565 1
1 1977070822 9.967 137.000 2 1 0
2 0.0 29.200 1 999.999 9
2 10.0 29.200 1 999.999 9
2 20.0 29.200 1 999.999 9
2 30.0 29.200 1 999.999 9
2 50.0 28.300 1 999.999 9
2 75.0 27.800 1 999.999 9
2 100.0 27.700 1 999.999 9
2 150.0 23.700 1 999.999 9
2 200.0 17.400 1 999.999 9
2 250.0 12.600 1 999.999 9
2 300.0 10.300 1 999.999 9
2 350.0 9.200 1 999.999 9
2 400.0 8.600 1 999.999 9
2 450.0 8.100 1 999.999 9
1 1977070822 9.967 137.000 7 1 1
2 0.0 29.200 1 34.315 1
2 10.0 29.200 1 34.307 1
2 25.0 28.750 1 34.609 1
2 50.0 27.960 1 34.707 1
2 75.0 27.610 1 34.712 1
2 100.0 27.320 1 34.712 1
2 125.0 25.450 1 34.898 1
2 150.0 23.340 1 34.986 1
2 175.0 20.250 1 34.921 1
2 200.0 17.540 1 34.762 1
2 225.0 14.900 1 34.610 1
2 250.0 12.360 1 34.534 1
2 275.0 11.110 1 34.478 1
2 300.0 10.000 1 34.495 1
2 351.0 8.890 1 34.526 1
2 399.0 8.270 1 34.538 1
2 446.0 7.860 1 34.535 1
2 493.0 7.370 1 34.524 1
2 586.0 6.830 1 34.519 1
2 774.0 5.800 1 34.519 1
2 966.0 4.900 1 34.530 1
2 1161.0 4.180 1 34.543 1
2 1448.0 3.160 1 34.581 1
2 1953.0 2.300 1 34.619 1
2 2472.0 1.840 1 34.649 1
2 2998.0 1.600 1 34.662 1
2 3528.0 1.560 1 34.673 1
2 4061.0 1.540 1 34.674 1
2 4594.0 1.580 1 34.678 1
1 1977070912 3.367 139.667 1 1 0
2 0.0 29.100 1 999.999 9
2 10.0 29.000 1 999.999 9
2 20.0 28.900 1 999.999 9
2 30.0 28.800 1 999.999 9
2 50.0 28.800 1 999.999 9
2 75.0 28.100 1 999.999 9
2 100.0 27.100 1 999.999 9
2 125.0 26.300 1 999.999 9
2 150.0 24.300 1 999.999 9
2 175.0 18.800 1 999.999 9
2 200.0 16.300 1 999.999 9
2 250.0 11.300 1 999.999 9
2 270.0 10.100 1 999.999 9
1 1977071012 3.167 138.933 1 1 0
2 0.0 29.100 1 999.999 9
2 10.0 29.000 1 999.999 9
2 20.0 28.900 1 999.999 9
2 30.0 28.600 1 999.999 9
2 50.0 28.000 1 999.999 9
2 75.0 27.800 1 999.999 9
2 100.0 27.100 1 999.999 9
2 125.0 26.200 1 999.999 9
2 150.0 24.300 1 999.999 9
2 175.0 18.300 1 999.999 9
2 200.0 15.800 1 999.999 9
2 250.0 11.700 1 999.999 9
2 270.0 10.700 1 999.999 9
1 1977082912 1.117 134.317 1 1 0
2 0.0 28.800 1 999.999 9
2 10.0 28.600 1 999.999 9
2 20.0 28.400 1 999.999 9
2 30.0 28.300 1 999.999 9
2 50.0 28.100 1 999.999 9
2 75.0 27.800 1 999.999 9
2 100.0 26.700 1 999.999 9
2 125.0 24.300 1 999.999 9
2 150.0 21.500 1 999.999 9
2 175.0 20.900 1 999.999 9
2 200.0 17.000 1 999.999 9
2 250.0 13.300 1 999.999 9
1 1977090211 0.817 133.717 1 1 0
2 0.0 28.600 1 999.999 9
2 10.0 28.400 1 999.999 9
2 20.0 28.200 1 999.999 9
2 30.0 28.000 1 999.999 9
2 50.0 27.800 1 999.999 9
2 75.0 27.800 1 999.999 9
2 100.0 27.300 1 999.999 9
2 125.0 24.300 1 999.999 9
2 150.0 18.800 1 999.999 9
2 175.0 18.100 1 999.999 9
2 200.0 15.900 1 999.999 9
2 250.0 12.400 1 999.999 9
1 1977100508 8.750 136.917 1 1 0
2 0.0 29.600 1 999.999 9
2 10.0 29.600 1 999.999 9
2 20.0 29.500 1 999.999 9
2 30.0 29.400 1 999.999 9
2 50.0 29.200 1 999.999 9
2 75.0 28.400 1 999.999 9
2 100.0 26.200 1 999.999 9
2 125.0 21.500 1 999.999 9
2 150.0 18.100 1 999.999 9
2 175.0 21.500 1 999.999 9
2 200.0 14.200 1 999.999 9
2 250.0 10.900 1 999.999 9
1 1977100607 6.917 136.317 1 1 0
2 0.0 29.500 1 999.999 9
2 10.0 29.400 1 999.999 9
2 20.0 29.300 1 999.999 9
2 30.0 29.200 1 999.999 9
2 50.0 29.000 1 999.999 9
2 75.0 28.000 1 999.999 9
2 100.0 22.500 1 999.999 9
2 125.0 17.900 1 999.999 9
2 150.0 15.000 1 999.999 9
2 175.0 13.000 1 999.999 9
2 200.0 11.700 1 999.999 9
2 250.0 10.400 1 999.999 9
1 1977100607 6.917 136.317 7 0 1
2 0.0 999.999 9 33.608 1
2 43.0 999.999 9 34.516 1
2 87.0 999.999 9 34.595 1
2 130.0 999.999 9 34.498 1
2 173.0 999.999 9 34.478 1
2 260.0 999.999 9 34.462 1
2 346.0 999.999 9 34.413 1
2 433.0 999.999 9 34.496 1
1 1977100703 5.817 136.867 2 1 0
2 0.0 29.500 1 999.999 9
2 10.0 29.500 1 999.999 9
2 20.0 29.400 1 999.999 9
2 30.0 29.300 1 999.999 9
2 50.0 28.900 1 999.999 9
2 75.0 28.500 1 999.999 9
2 100.0 28.200 1 999.999 9
2 125.0 25.500 1 999.999 9
2 150.0 21.200 1 999.999 9
2 175.0 17.200 1 999.999 9
2 200.0 12.700 1 999.999 9
2 250.0 9.900 1 999.999 9
2 300.0 9.000 1 999.999 9
2 350.0 8.600 1 999.999 9
2 400.0 8.200 1 999.999 9
2 450.0 7.900 1 999.999 9
1 1977100704 5.800 136.917 1 1 0
2 0.0 30.200 1 999.999 9
2 10.0 29.500 1 999.999 9
2 20.0 29.400 1 999.999 9
2 30.0 29.300 1 999.999 9
2 50.0 28.800 1 999.999 9
2 75.0 28.500 1 999.999 9
2 100.0 24.700 1 999.999 9
2 125.0 21.200 1 999.999 9
2 150.0 17.600 1 999.999 9
2 175.0 13.000 1 999.999 9
2 200.0 11.500 1 999.999 9
2 250.0 9.800 1 999.999 9
1 1977100704 5.800 136.917 7 0 1
2 0.0 999.999 9 34.111 1
2 46.0 999.999 9 34.152 1
2 93.0 999.999 9 34.720 1
2 139.0 999.999 9 34.568 1
2 185.0 999.999 9 34.438 1
2 278.0 999.999 9 34.496 1
2 371.0 999.999 9 34.484 1
2 463.0 999.999 9 34.580 1
1 1977100807 5.017 137.450 1 1 0
2 0.0 29.500 1 999.999 9
2 10.0 29.400 1 999.999 9
2 20.0 29.100 1 999.999 9
2 30.0 29.300 1 999.999 9
2 50.0 28.800 1 999.999 9
2 75.0 27.900 1 999.999 9
2 100.0 23.900 1 999.999 9
2 125.0 20.000 1 999.999 9
2 150.0 16.800 1 999.999 9
2 175.0 13.300 1 999.999 9
2 200.0 11.400 1 999.999 9
2 250.0 9.800 1 999.999 9
1 1977100807 5.017 137.450 7 0 1
2 0.0 999.999 9 33.958 1
2 47.0 999.999 9 34.180 1
2 94.0 999.999 9 34.595 1
2 141.0 999.999 9 34.566 1
2 188.0 999.999 9 34.443 1
2 282.0 999.999 9 34.602 1
2 377.0 999.999 9 34.442 1
2 471.0 999.999 9 34.495 1
1 1977100907 3.233 138.867 1 1 0
2 0.0 29.800 1 999.999 9
2 10.0 29.800 1 999.999 9
2 20.0 29.700 1 999.999 9
2 30.0 29.400 1 999.999 9
2 50.0 28.800 1 999.999 9
2 75.0 27.500 1 999.999 9
2 100.0 25.200 1 999.999 9
2 125.0 21.700 1 999.999 9
2 150.0 17.400 1 999.999 9
2 175.0 13.800 1 999.999 9
2 200.0 11.200 1 999.999 9
2 250.0 9.600 1 999.999 9
1 1977100907 3.233 138.867 7 0 1
2 0.0 999.999 9 33.920 1
2 47.0 999.999 9 34.406 1
2 94.0 999.999 9 34.668 1
2 141.0 999.999 9 34.608 1
2 188.0 999.999 9 34.518 1
2 283.0 999.999 9 34.500 1
2 377.0 999.999 9 34.528 1
2 471.0 999.999 9 34.552 1
1 1977101002 2.967 139.917 2 1 0
2 0.0 29.600 1 999.999 9
2 10.0 29.500 1 999.999 9
2 20.0 29.500 1 999.999 9
2 30.0 29.500 1 999.999 9
2 50.0 29.000 1 999.999 9
2 75.0 28.600 1 999.999 9
2 100.0 27.000 1 999.999 9
2 125.0 24.900 1 999.999 9
2 150.0 19.700 1 999.999 9
2 175.0 14.900 1 999.999 9
2 200.0 11.900 1 999.999 9
2 250.0 9.500 1 999.999 9
2 300.0 8.700 1 999.999 9
2 350.0 8.400 1 999.999 9
2 400.0 8.300 1 999.999 9
2 450.0 8.100 1 999.999 9
1 1977111000 9.517 138.967 1 1 0
2 0.0 29.400 1 999.999 9
2 10.0 29.400 1 999.999 9
2 20.0 29.400 1 999.999 9
2 30.0 29.100 1 999.999 9
2 50.0 27.700 1 999.999 9
2 75.0 26.000 1 999.999 9
2 100.0 22.400 1 999.999 9
2 125.0 20.100 1 999.999 9
2 150.0 16.800 1 999.999 9
2 200.0 12.500 1 999.999 9
1 1977111008 8.567 139.067 1 1 0
2 0.0 29.600 1 999.999 9
2 10.0 29.600 1 999.999 9
2 20.0 29.600 1 999.999 9
2 30.0 29.400 1 999.999 9
2 50.0 28.500 1 999.999 9
2 75.0 26.300 1 999.999 9
2 100.0 22.700 1 999.999 9
2 125.0 17.700 1 999.999 9
2 150.0 13.100 1 999.999 9
2 200.0 11.100 1 999.999 9
1 1977111014 7.667 139.067 1 1 0
2 0.0 29.500 1 999.999 9
2 10.0 29.500 1 999.999 9
2 20.0 29.500 1 999.999 9
2 30.0 29.300 1 999.999 9
2 50.0 28.300 1 999.999 9
2 75.0 25.300 1 999.999 9
2 100.0 22.300 1 999.999 9
2 125.0 18.000 1 999.999 9
2 150.0 14.500 1 999.999 9
2 200.0 11.700 1 999.999 9
1 1977111020 6.767 139.067 1 1 0
2 0.0 29.000 1 999.999 9
2 10.0 29.000 1 999.999 9
2 20.0 29.000 1 999.999 9
2 30.0 28.800 1 999.999 9
2 50.0 28.200 1 999.999 9
2 75.0 24.600 1 999.999 9
2 100.0 22.300 1 999.999 9
2 125.0 18.700 1 999.999 9
2 150.0 15.800 1 999.999 9
2 200.0 12.200 1 999.999 9
1 1977111102 5.867 139.067 1 1 0
2 0.0 28.900 1 999.999 9
2 10.0 28.900 1 999.999 9
2 20.0 28.900 1 999.999 9
2 30.0 28.900 1 999.999 9
2 50.0 28.900 1 999.999 9
2 75.0 27.300 1 999.999 9
2 100.0 23.400 1 999.999 9
2 125.0 19.700 1 999.999 9
2 150.0 16.400 1 999.999 9
2 200.0 12.100 1 999.999 9
1 1977111108 5.067 139.167 1 1 0
2 0.0 28.800 1 999.999 9
2 10.0 28.800 1 999.999 9
2 20.0 28.800 1 999.999 9
2 30.0 28.800 1 999.999 9
2 50.0 28.700 1 999.999 9
2 75.0 26.600 1 999.999 9
2 100.0 23.000 1 999.999 9
2 125.0 20.200 1 999.999 9
2 150.0 16.500 1 999.999 9
2 200.0 12.700 1 999.999 9
1 1977111114 4.117 139.267 1 1 0
2 0.0 28.800 1 999.999 9
2 10.0 28.800 1 999.999 9
2 20.0 28.800 1 999.999 9
2 30.0 28.800 1 999.999 9
2 50.0 28.800 1 999.999 9
2 75.0 27.700 1 999.999 9
2 100.0 25.500 1 999.999 9
2 125.0 20.100 1 999.999 9
2 150.0 16.700 1 999.999 9
2 200.0 11.800 1 999.999 9
1 1977111120 3.217 139.317 1 1 0
2 0.0 28.700 1 999.999 9
2 10.0 28.700 1 999.999 9
2 20.0 28.700 1 999.999 9
2 30.0 28.400 1 999.999 9
2 50.0 27.200 1 999.999 9
2 75.0 26.800 1 999.999 9
2 100.0 24.900 1 999.999 9
2 125.0 22.600 1 999.999 9
2 150.0 18.600 1 999.999 9
2 200.0 10.800 1 999.999 9
1 1977111122 2.783 139.350 1 1 0
2 0.0 28.700 1 999.999 9
2 10.0 28.700 1 999.999 9
2 20.0 28.700 1 999.999 9
2 30.0 28.600 1 999.999 9
2 50.0 28.100 1 999.999 9
2 75.0 26.900 1 999.999 9
2 100.0 24.400 1 999.999 9
2 125.0 23.700 1 999.999 9
2 150.0 22.600 1 999.999 9
2 200.0 12.900 1 999.999 9
1 1977111207 2.450 139.600 1 1 0
2 0.0 28.700 1 999.999 9
2 10.0 28.500 1 999.999 9
2 20.0 28.300 1 999.999 9
2 30.0 28.100 1 999.999 9
2 50.0 27.900 1 999.999 9
2 75.0 27.700 1 999.999 9
2 100.0 23.700 1 999.999 9
2 125.0 23.600 1 999.999 9
2 150.0 22.000 1 999.999 9
2 200.0 13.500 1 999.999 9
1 1977111304 2.717 139.800 1 1 0
2 0.0 28.700 1 999.999 9
2 10.0 28.700 1 999.999 9
2 20.0 28.700 1 999.999 9
2 30.0 28.500 1 999.999 9
2 50.0 27.800 1 999.999 9
2 75.0 27.200 1 999.999 9
2 100.0 24.700 1 999.999 9
2 125.0 24.700 1 999.999 9
2 150.0 21.800 1 999.999 9
2 175.0 16.400 1 999.999 9
2 200.0 12.600 1 999.999 9
1 1977111420 2.783 130.600 E 0 1
2 0.0 999.999 9 35.760 1
1 1977121902 8.883 135.817 1 1 0
2 0.0 28.700 1 999.999 9
2 10.0 28.700 1 999.999 9
2 20.0 28.700 1 999.999 9
2 30.0 28.700 1 999.999 9
2 50.0 28.700 1 999.999 9
2 75.0 27.200 1 999.999 9
2 100.0 23.200 1 999.999 9
2 125.0 19.100 1 999.999 9
2 150.0 16.100 1 999.999 9
2 200.0 11.200 1 999.999 9
1 1977121914 7.583 137.167 1 1 0
2 0.0 29.000 1 999.999 9
2 10.0 29.000 1 999.999 9
2 20.0 29.000 1 999.999 9
2 30.0 29.000 1 999.999 9
2 50.0 29.000 1 999.999 9
2 75.0 28.900 1 999.999 9
2 100.0 25.400 1 999.999 9
2 125.0 21.000 1 999.999 9
2 150.0 15.800 1 999.999 9
2 200.0 11.800 1 999.999 9
1 1977122002 6.817 138.917 1 1 0
2 0.0 29.000 1 999.999 9
2 10.0 29.000 1 999.999 9
2 20.0 29.000 1 999.999 9
2 30.0 29.000 1 999.999 9
2 50.0 29.000 1 999.999 9
2 75.0 26.500 1 999.999 9
2 100.0 24.400 1 999.999 9
2 125.0 20.300 1 999.999 9
2 150.0 17.300 1 999.999 9
2 200.0 11.900 1 999.999 9
