1 1979012516 9.967 136.967 7 1 1
2 0.0 27.700 1 34.024 1
2 11.0 27.860 1 33.994 1
2 27.0 27.840 1 34.000 1
2 53.0 27.820 1 33.992 1
2 79.0 26.960 1 34.522 1
2 106.0 23.840 1 34.887 1
2 132.0 19.810 1 34.903 1
2 159.0 16.240 1 34.706 1
2 183.0 13.290 1 34.529 1
2 205.0 11.350 1 34.404 1
2 227.0 10.270 1 34.429 1
2 251.0 10.020 1 34.510 1
2 279.0 9.320 1 34.530 1
2 307.0 8.960 1 34.549 1
2 392.0 7.760 1 34.518 1
2 462.0 7.120 1 34.502 1
2 538.0 6.720 1 0.000 9
2 615.0 6.300 1 34.512 1
2 697.0 5.880 1 34.528 1
2 781.0 5.460 1 34.530 1
2 871.0 5.040 1 34.534 1
2 1063.0 4.060 1 34.552 1
2 1217.0 3.630 1 34.567 1
2 1393.0 3.180 1 34.586 1
2 1574.0 2.820 1 34.596 1
2 1944.0 2.220 1 34.633 1
2 2312.0 1.860 1 34.646 1
2 2687.0 1.670 1 34.668 1
2 3096.0 1.570 1 34.670 1
2 3529.0 1.550 1 34.673 1
1 1979012601 9.000 137.000 1 1 0
2 0.0 27.800 1 999.999 9
2 10.0 27.800 1 999.999 9
2 20.0 27.800 1 999.999 9
2 30.0 27.800 1 999.999 9
2 50.0 27.800 1 999.999 9
2 75.0 24.200 1 999.999 9
2 100.0 20.400 1 999.999 9
2 150.0 13.500 1 999.999 9
2 200.0 10.900 1 999.999 9
2 250.0 10.100 1 999.999 9
1 1979012601 9.000 137.000 7 1 1
2 0.0 27.700 1 34.355 1
2 10.0 27.880 1 34.319 1
2 24.0 27.830 1 34.314 1
2 47.0 27.820 1 34.322 1
2 70.0 25.880 1 34.714 1
2 92.0 23.140 1 34.911 1
2 112.0 19.700 1 34.855 1
2 131.0 18.020 1 34.738 1
2 148.0 15.300 1 34.634 1
2 166.0 13.360 1 34.556 1
2 184.0 12.470 1 34.530 1
2 204.0 11.720 1 34.520 1
2 225.0 10.720 1 34.520 1
2 244.0 10.410 1 34.528 1
2 247.0 10.230 1 34.528 1
2 316.0 8.850 1 34.549 1
2 385.0 8.270 1 34.555 1
2 462.0 7.660 1 34.536 1
2 542.0 7.020 1 34.527 1
2 631.0 6.530 1 34.525 1
2 722.0 5.960 1 34.528 1
2 918.0 4.680 1 34.543 1
1 1979012607 8.000 137.000 1 1 0
2 0.0 28.200 1 999.999 9
2 10.0 28.200 1 999.999 9
2 20.0 28.200 1 999.999 9
2 30.0 28.100 1 999.999 9
2 50.0 26.800 1 999.999 9
2 75.0 23.500 1 999.999 9
2 100.0 19.800 1 999.999 9
2 150.0 13.500 1 999.999 9
2 200.0 11.300 1 999.999 9
2 250.0 9.700 1 999.999 9
1 1979012607 8.017 136.917 7 1 1
2 0.0 28.100 1 34.335 1
2 11.0 28.190 1 34.324 1
2 27.0 28.110 1 34.332 1
2 54.0 26.260 1 34.780 1
2 79.0 22.790 1 34.894 1
2 104.0 19.400 1 34.833 1
2 127.0 16.910 1 34.731 1
2 150.0 14.420 1 34.613 1
2 171.0 12.980 1 34.573 1
2 193.0 11.780 1 34.561 1
2 215.0 11.050 1 34.532 1
2 237.0 10.380 1 34.522 1
2 260.0 9.500 1 34.533 1
2 266.0 9.430 1 34.535 1
2 284.0 9.020 1 34.557 1
2 308.0 8.740 1 34.563 1
2 338.0 8.390 1 34.574 1
2 364.0 8.190 1 34.571 1
2 435.0 7.670 1 34.552 1
2 584.0 6.570 1 34.531 1
2 751.0 5.460 1 34.530 1
2 946.0 4.700 1 34.544 1
1 1979012613 7.500 137.000 7 1 1
2 0.0 27.600 1 34.256 1
2 10.0 27.910 1 34.249 1
2 25.0 27.900 1 34.247 1
2 50.0 25.380 1 34.865 1
2 75.0 21.990 1 34.899 1
2 100.0 18.950 1 34.810 1
2 125.0 15.590 1 34.656 1
2 151.0 13.370 1 34.573 1
2 176.0 11.760 1 34.554 1
2 201.0 10.810 1 34.556 1
2 226.0 9.990 1 34.559 1
2 251.0 9.580 1 34.569 1
2 263.0 9.360 1 34.577 1
2 288.0 8.910 1 34.587 1
2 339.0 8.320 1 34.592 1
2 389.0 7.750 1 34.558 1
2 439.0 7.680 1 34.573 1
2 489.0 7.380 1 34.551 1
2 603.0 6.620 1 34.530 1
2 1097.0 3.010 1 0.000 9
1 1979012613 7.500 137.000 1 1 0
2 0.0 27.700 1 999.999 9
2 10.0 27.700 1 999.999 9
2 20.0 27.700 1 999.999 9
2 30.0 27.700 1 999.999 9
2 50.0 25.600 1 999.999 9
2 75.0 22.500 1 999.999 9
2 100.0 19.400 1 999.999 9
2 150.0 13.500 1 999.999 9
2 200.0 10.500 1 999.999 9
2 250.0 9.400 1 999.999 9
1 1979012619 7.000 137.000 1 1 0
2 0.0 27.800 1 999.999 9
2 10.0 27.800 1 999.999 9
2 20.0 27.800 1 999.999 9
2 30.0 27.800 1 999.999 9
2 50.0 27.000 1 999.999 9
2 75.0 21.500 1 999.999 9
2 100.0 17.700 1 999.999 9
2 150.0 12.600 1 999.999 9
2 200.0 10.100 1 999.999 9
2 250.0 9.000 1 999.999 9
1 1979012619 6.967 137.000 7 1 1
2 0.0 27.800 1 34.238 1
2 11.0 28.000 1 34.238 1
2 26.0 27.980 1 34.226 1
2 54.0 25.660 1 34.852 1
2 80.0 21.420 1 34.874 1
2 108.0 17.720 1 34.760 1
2 134.0 15.680 1 34.661 1
2 162.0 12.890 1 34.553 1
2 188.0 11.040 1 34.548 1
2 216.0 10.230 1 34.570 1
2 243.0 9.640 1 34.591 1
2 270.0 9.370 1 34.592 1
2 296.0 8.990 1 34.597 1
2 324.0 8.680 1 34.597 1
2 356.0 8.100 1 34.573 1
2 408.0 7.660 1 34.559 1
2 459.0 7.440 1 34.567 1
2 511.0 7.310 1 34.561 1
2 614.0 6.930 1 34.581 1
2 828.0 5.640 1 34.553 1
2 1042.0 4.340 1 34.551 1
2 1258.0 3.450 1 34.529 1
2 1482.0 3.010 1 0.000 9
1 1979012703 6.500 137.000 7 1 1
2 0.0 28.200 1 34.324 1
2 10.0 28.140 1 34.286 1
2 25.0 28.060 1 34.310 1
2 50.0 28.050 1 34.319 1
2 75.0 23.900 1 34.810 1
2 100.0 19.480 1 34.784 1
2 125.0 14.620 1 34.635 1
2 150.0 12.820 1 34.559 1
2 174.0 11.240 1 34.525 1
2 199.0 10.200 1 34.554 1
2 224.0 9.730 1 34.582 1
2 248.0 9.240 1 34.597 1
2 273.0 8.750 1 34.593 1
2 296.0 8.640 1 34.593 1
2 383.0 7.960 1 34.570 1
2 438.0 7.310 1 34.560 1
2 493.0 7.060 1 34.559 1
2 547.0 6.880 1 34.555 1
2 657.0 6.530 1 34.547 1
2 1512.0 2.960 1 0.000 9
1 1979012703 6.517 137.000 1 1 0
2 0.0 28.200 1 999.999 9
2 10.0 28.100 1 999.999 9
2 20.0 28.000 1 999.999 9
2 30.0 28.000 1 999.999 9
2 50.0 28.000 1 999.999 9
2 75.0 24.000 1 999.999 9
2 100.0 19.300 1 999.999 9
2 150.0 12.400 1 999.999 9
2 200.0 9.800 1 999.999 9
2 250.0 8.600 1 999.999 9
1 1979012710 6.000 137.100 1 1 0
2 0.0 28.200 1 999.999 9
2 10.0 28.200 1 999.999 9
2 20.0 27.800 1 999.999 9
2 30.0 27.800 1 999.999 9
2 50.0 27.800 1 999.999 9
2 75.0 27.200 1 999.999 9
2 100.0 21.100 1 999.999 9
2 150.0 12.100 1 999.999 9
2 200.0 10.400 1 999.999 9
2 250.0 9.300 1 999.999 9
1 1979012710 6.017 137.067 7 1 1
2 0.0 28.200 1 34.328 1
2 10.0 28.260 1 34.317 1
2 26.0 27.910 1 34.253 1
2 51.0 27.760 1 34.245 1
2 77.0 26.150 1 34.833 1
2 102.0 20.860 1 34.855 1
2 128.0 16.400 1 34.698 1
2 153.0 12.240 1 34.569 1
2 179.0 10.810 1 34.504 1
2 204.0 10.630 1 34.513 1
2 230.0 9.490 1 34.443 1
2 256.0 9.290 1 34.567 1
2 286.0 8.810 1 34.562 1
2 316.0 8.560 1 34.576 1
2 377.0 8.090 1 34.594 1
2 437.0 7.590 1 34.576 1
2 496.0 7.240 1 34.580 1
2 556.0 6.940 1 34.555 1
2 675.0 6.240 1 34.539 1
2 912.0 5.060 1 34.546 1
2 1018.0 4.650 1 0.000 9
2 1150.0 3.980 1 34.569 1
2 1388.0 3.130 1 34.596 1
1 1979012715 5.517 137.000 7 1 1
2 0.0 27.800 1 34.365 1
2 10.0 27.980 1 34.361 1
2 25.0 27.940 1 34.349 1
2 50.0 27.710 1 34.339 1
2 75.0 26.250 1 34.571 1
2 100.0 23.020 1 34.872 1
2 124.0 20.570 1 34.862 1
2 148.0 17.140 1 34.731 1
2 172.0 13.580 1 34.595 1
2 196.0 11.200 1 34.542 1
2 219.0 9.980 1 34.537 1
2 242.0 8.750 1 34.462 1
2 265.0 8.670 1 34.500 1
2 286.0 8.690 1 34.570 1
2 345.0 8.180 1 34.573 1
2 394.0 7.720 1 34.573 1
2 443.0 7.520 1 34.567 1
2 493.0 7.260 1 34.563 1
2 591.0 6.620 1 34.546 1
1 1979012715 5.517 137.000 1 1 0
2 0.0 28.000 1 999.999 9
2 10.0 28.000 1 999.999 9
2 20.0 27.900 1 999.999 9
2 30.0 27.800 1 999.999 9
2 50.0 27.800 1 999.999 9
2 75.0 26.200 1 999.999 9
2 100.0 23.000 1 999.999 9
2 150.0 16.300 1 999.999 9
2 200.0 10.200 1 999.999 9
2 250.0 8.400 1 999.999 9
1 1979012721 5.000 137.000 1 1 0
2 0.0 28.000 1 999.999 9
2 10.0 28.000 1 999.999 9
2 20.0 28.000 1 999.999 9
2 30.0 27.900 1 999.999 9
2 50.0 27.700 1 999.999 9
2 75.0 27.500 1 999.999 9
2 100.0 24.500 1 999.999 9
2 150.0 19.100 1 999.999 9
2 200.0 13.600 1 999.999 9
2 250.0 10.000 1 999.999 9
1 1979012721 5.017 137.017 7 1 1
2 0.0 28.100 1 34.439 1
2 11.0 28.220 1 34.435 1
2 27.0 28.200 1 34.431 1
2 54.0 27.980 1 34.381 1
2 81.0 27.140 1 34.453 1
2 108.0 24.060 1 34.900 1
2 135.0 22.180 1 34.839 1
2 162.0 18.370 1 34.810 1
2 189.0 16.990 1 34.725 1
2 217.0 13.340 1 34.586 1
2 243.0 10.740 1 34.466 1
2 270.0 9.850 1 34.541 1
2 297.0 8.810 1 34.510 1
2 313.0 8.440 1 34.526 1
2 325.0 8.460 1 34.534 1
2 356.0 8.160 1 34.584 1
2 399.0 7.730 1 34.577 1
2 437.0 7.400 1 34.559 1
2 525.0 7.010 1 34.557 1
2 700.0 6.140 1 34.541 1
2 883.0 5.080 1 34.541 1
2 1075.0 4.200 1 34.559 1
2 1179.0 3.920 1 34.573 1
2 1404.0 3.290 1 34.594 1
2 1631.0 2.800 1 34.613 1
2 2089.0 2.150 1 34.637 1
2 2550.0 1.760 1 34.659 1
2 3016.0 1.610 1 34.669 1
2 3486.0 1.550 1 34.676 1
2 3959.0 1.520 1 34.683 1
2 4434.0 1.520 1 34.684 1
1 1979012810 4.517 137.000 1 1 0
2 0.0 28.800 1 999.999 9
2 10.0 28.800 1 999.999 9
2 20.0 28.800 1 999.999 9
2 30.0 28.500 1 999.999 9
2 50.0 28.000 1 999.999 9
2 75.0 25.500 1 999.999 9
2 100.0 24.100 1 999.999 9
2 150.0 21.300 1 999.999 9
2 200.0 16.000 1 999.999 9
2 250.0 10.200 1 999.999 9
1 1979012810 4.517 137.000 7 1 1
2 0.0 28.700 1 34.613 1
2 10.0 28.870 1 34.610 1
2 25.0 28.720 1 34.601 1
2 50.0 28.000 1 34.513 1
2 75.0 25.640 1 34.819 1
2 100.0 24.280 1 34.860 1
2 125.0 23.890 1 35.265 1
2 150.0 21.470 1 34.867 1
2 175.0 18.400 1 34.883 1
2 201.0 16.450 1 34.715 1
2 226.0 13.800 1 34.578 1
2 252.0 10.640 1 34.499 1
2 299.0 9.780 1 34.517 1
2 326.0 9.230 1 34.559 1
2 380.0 8.180 1 34.587 1
2 435.0 7.740 1 34.581 1
2 489.0 7.300 1 34.564 1
2 543.0 6.800 1 34.557 1
2 651.0 6.110 1 34.544 1
2 1523.0 2.920 1 0.000 9
1 1979012815 3.967 137.000 7 1 1
2 0.0 28.700 1 34.530 1
2 10.0 28.940 1 34.535 1
2 25.0 28.530 1 34.593 1
2 51.0 26.590 1 34.603 1
2 75.0 24.950 1 34.701 1
2 101.0 24.230 1 34.863 1
2 126.0 23.790 1 35.218 1
2 152.0 22.210 1 35.336 1
2 178.0 19.850 1 35.411 1
2 205.0 17.920 1 35.243 1
2 231.0 15.600 1 34.760 1
2 259.0 11.740 1 34.447 1
2 285.0 10.630 1 34.497 1
2 313.0 10.280 1 34.481 1
2 379.0 8.160 1 34.603 1
2 433.0 8.010 1 34.603 1
2 488.0 7.500 1 34.579 1
2 542.0 7.180 1 34.560 1
2 652.0 6.390 1 34.550 1
2 871.0 5.160 1 34.549 1
2 1089.0 4.200 1 34.567 1
2 1306.0 3.560 1 34.585 1
2 1488.0 3.040 1 0.000 9
1 1979012815 4.000 137.000 1 1 0
2 0.0 28.800 1 999.999 9
2 10.0 28.800 1 999.999 9
2 20.0 28.800 1 999.999 9
2 30.0 27.800 1 999.999 9
2 50.0 27.000 1 999.999 9
2 75.0 24.900 1 999.999 9
2 100.0 24.000 1 999.999 9
2 150.0 22.100 1 999.999 9
2 200.0 18.600 1 999.999 9
2 250.0 12.200 1 999.999 9
1 1979012821 3.500 137.000 1 1 0
2 0.0 28.800 1 999.999 9
2 10.0 28.800 1 999.999 9
2 20.0 29.000 1 999.999 9
2 30.0 26.500 1 999.999 9
2 50.0 25.500 1 999.999 9
2 75.0 25.300 1 999.999 9
2 100.0 25.000 1 999.999 9
2 150.0 22.100 1 999.999 9
2 200.0 17.000 1 999.999 9
2 250.0 14.100 1 999.999 9
1 1979012821 3.517 137.000 7 1 1
2 0.0 28.700 1 34.288 1
2 9.0 28.920 1 34.322 1
2 23.0 28.020 1 34.685 1
2 47.0 25.720 1 34.629 1
2 70.0 25.320 1 34.733 1
2 93.0 24.820 1 34.777 1
2 115.0 24.060 1 35.124 1
2 137.0 22.270 1 35.113 1
2 159.0 22.490 1 35.412 1
2 182.0 18.600 1 35.020 1
2 204.0 17.060 1 34.778 1
2 226.0 16.390 1 34.822 1
2 249.0 14.660 1 34.620 1
2 273.0 11.980 1 34.556 1
2 328.0 9.840 1 34.464 1
2 376.0 8.380 1 34.538 1
2 425.0 8.180 1 34.611 1
2 474.0 7.840 1 34.584 1
2 574.0 6.960 1 34.554 1
2 1071.0 4.290 1 0.000 9
1 1979012903 3.017 137.017 7 1 1
2 0.0 29.100 1 34.427 1
2 10.0 29.010 1 34.414 1
2 25.0 29.090 1 34.511 1
2 51.0 27.050 1 34.715 1
2 75.0 25.260 1 34.737 1
2 100.0 23.850 1 35.008 1
2 124.0 23.360 1 35.210 1
2 148.0 22.060 1 35.339 1
2 172.0 20.260 1 35.160 1
2 195.0 18.320 1 35.216 1
2 219.0 17.730 1 35.282 1
2 243.0 16.960 1 35.163 1
2 266.0 13.980 1 34.611 1
2 289.0 12.440 1 34.725 1
2 426.0 8.340 1 34.589 1
2 479.0 7.860 1 34.585 1
2 532.0 7.500 1 34.567 1
2 585.0 7.240 1 34.558 1
2 692.0 6.280 1 34.537 1
2 908.0 4.940 1 34.547 1
2 1125.0 4.050 1 34.565 1
2 1344.0 3.290 1 34.587 1
2 1423.0 3.050 1 0.000 9
1 1979012903 3.000 137.000 1 1 0
2 0.0 28.900 1 999.999 9
2 10.0 28.900 1 999.999 9
2 20.0 28.900 1 999.999 9
2 30.0 28.900 1 999.999 9
2 50.0 27.500 1 999.999 9
2 75.0 25.200 1 999.999 9
2 100.0 23.600 1 999.999 9
2 150.0 21.500 1 999.999 9
2 200.0 17.500 1 999.999 9
2 250.0 13.800 1 999.999 9
1 1979012910 2.500 136.967 1 1 0
2 0.0 28.800 1 999.999 9
2 10.0 28.800 1 999.999 9
2 20.0 28.800 1 999.999 9
2 30.0 28.800 1 999.999 9
2 50.0 26.200 1 999.999 9
2 75.0 24.000 1 999.999 9
2 100.0 23.600 1 999.999 9
2 150.0 21.200 1 999.999 9
2 200.0 18.200 1 999.999 9
2 250.0 14.500 1 999.999 9
1 1979012910 2.500 136.967 7 1 1
2 0.0 28.900 1 34.423 1
2 9.0 28.990 1 34.425 1
2 23.0 28.910 1 34.444 1
2 46.0 27.810 1 34.891 1
2 69.0 24.480 1 34.850 1
2 92.0 23.960 1 35.103 1
2 115.0 22.940 1 35.166 1
2 138.0 21.330 1 35.240 1
2 161.0 20.450 1 35.282 1
2 184.0 18.240 1 35.021 1
2 207.0 18.440 1 35.260 1
2 230.0 17.370 1 35.228 1
2 258.0 14.440 1 34.743 1
2 281.0 12.200 1 34.535 1
2 327.0 10.670 1 34.584 1
2 373.0 9.320 1 34.540 1
2 420.0 8.570 1 34.604 1
2 467.0 7.980 1 34.557 1
2 561.0 7.210 1 34.558 1
2 1434.0 2.960 1 0.000 9
1 1979012915 2.000 137.000 1 1 0
2 0.0 29.000 1 999.999 9
2 10.0 29.000 1 999.999 9
2 20.0 29.000 1 999.999 9
2 30.0 29.000 1 999.999 9
2 50.0 27.700 1 999.999 9
2 75.0 24.000 1 999.999 9
2 100.0 23.300 1 999.999 9
2 150.0 19.600 1 999.999 9
2 200.0 18.200 1 999.999 9
2 250.0 13.300 1 999.999 9
1 1979012915 1.967 136.967 7 1 1
2 0.0 28.900 1 34.493 1
2 11.0 29.040 1 34.489 1
2 27.0 29.020 1 34.489 1
2 56.0 24.490 1 34.717 1
2 85.0 23.630 1 35.084 1
2 113.0 22.700 1 35.163 1
2 141.0 21.120 1 35.250 1
2 170.0 19.100 1 35.263 1
2 198.0 18.920 1 35.394 1
2 227.0 16.960 1 35.143 1
2 255.0 14.540 1 34.905 1
2 284.0 13.200 1 34.753 1
2 312.0 10.610 1 34.578 1
2 341.0 10.110 1 34.561 1
2 391.0 8.900 1 34.655 1
2 424.0 8.340 1 34.588 1
2 455.0 8.220 1 34.623 1
2 489.0 7.940 1 34.593 1
2 553.0 7.580 1 34.577 1
2 683.0 6.140 1 34.546 1
2 822.0 5.230 1 34.538 1
2 962.0 4.300 1 34.559 1
2 1138.0 4.000 1 0.000 9
1 1979012921 1.500 137.000 7 1 1
2 0.0 28.900 1 34.499 1
2 10.0 29.030 1 34.495 1
2 24.0 29.010 1 34.493 1
2 49.0 27.720 1 34.832 1
2 73.0 24.030 1 34.767 1
2 98.0 23.510 1 35.174 1
2 122.0 22.390 1 35.217 1
2 146.0 19.980 1 35.086 1
2 171.0 19.540 1 35.389 1
2 195.0 19.090 1 35.420 1
2 219.0 17.410 1 35.180 1
2 244.0 15.840 1 35.160 1
2 269.0 14.720 1 34.991 1
2 293.0 12.830 1 34.706 1
2 356.0 9.400 1 34.572 1
2 408.0 8.610 1 34.633 1
2 462.0 8.150 1 34.608 1
2 516.0 7.940 1 34.593 1
2 624.0 6.530 1 34.542 1
2 976.0 4.230 1 0.000 9
1 1979012921 1.500 137.000 1 1 0
2 0.0 29.000 1 999.999 9
2 10.0 29.000 1 999.999 9
2 20.0 29.000 1 999.999 9
2 30.0 29.000 1 999.999 9
2 50.0 27.700 1 999.999 9
2 75.0 23.800 1 999.999 9
2 100.0 23.400 1 999.999 9
2 150.0 19.500 1 999.999 9
2 200.0 18.700 1 999.999 9
2 250.0 14.600 1 999.999 9
1 1979013002 1.000 137.000 1 1 0
2 0.0 29.900 1 999.999 9
2 10.0 29.600 1 999.999 9
2 20.0 29.500 1 999.999 9
2 30.0 29.500 1 999.999 9
2 50.0 28.600 1 999.999 9
2 75.0 25.400 1 999.999 9
2 100.0 23.800 1 999.999 9
2 150.0 20.900 1 999.999 9
2 200.0 18.500 1 999.999 9
2 250.0 15.900 1 999.999 9
1 1979013002 1.000 137.000 7 1 1
2 0.0 29.400 1 34.528 1
2 11.0 29.120 1 34.508 1
2 27.0 29.040 1 34.506 1
2 54.0 27.840 1 34.817 1
2 80.0 24.530 1 34.757 1
2 107.0 23.390 1 34.998 1
2 132.0 21.300 1 34.961 1
2 158.0 18.950 1 34.961 1
2 184.0 19.670 1 35.416 1
2 209.0 17.990 1 35.248 1
2 234.0 17.150 1 35.266 1
2 256.0 13.320 1 34.603 1
2 286.0 13.130 1 34.727 1
2 292.0 13.480 1 34.861 1
2 311.0 11.610 1 34.686 1
2 327.0 10.350 1 34.562 1
2 362.0 9.540 1 34.572 1
2 431.0 8.900 1 34.649 1
2 567.0 7.670 1 34.591 1
2 699.0 5.620 1 34.531 1
2 834.0 4.920 1 34.542 1
2 868.0 4.800 1 34.542 1
2 1095.0 4.020 1 34.565 1
1 1979013010 0.500 137.000 1 1 0
2 0.0 29.400 1 999.999 9
2 10.0 29.100 1 999.999 9
2 20.0 29.000 1 999.999 9
2 30.0 28.800 1 999.999 9
2 50.0 27.800 1 999.999 9
2 75.0 25.800 1 999.999 9
2 100.0 22.600 1 999.999 9
2 150.0 20.600 1 999.999 9
2 200.0 17.000 1 999.999 9
2 250.0 13.700 1 999.999 9
1 1979013010 0.500 137.000 7 1 1
2 0.0 29.400 1 34.458 1
2 10.0 29.180 1 34.448 1
2 25.0 28.940 1 34.523 1
2 50.0 27.620 1 34.702 1
2 75.0 25.600 1 35.095 1
2 100.0 22.620 1 34.912 1
2 125.0 22.060 1 34.865 1
2 150.0 20.700 1 35.239 1
2 175.0 19.620 1 35.411 1
2 200.0 17.250 1 35.074 1
2 225.0 17.430 1 35.212 1
2 250.0 13.310 1 34.621 1
2 264.0 14.400 1 35.088 1
2 289.0 13.060 1 34.908 1
2 338.0 12.240 1 34.909 1
2 387.0 9.950 1 34.675 1
2 437.0 8.860 1 34.656 1
2 488.0 8.420 1 34.622 1
2 593.0 6.810 1 34.549 1
2 1260.0 3.640 1 0.000 9
1 1979013015 0.000 137.000 1 1 0
2 0.0 29.100 1 999.999 9
2 10.0 29.000 1 999.999 9
2 20.0 28.700 1 999.999 9
2 30.0 28.500 1 999.999 9
2 50.0 27.200 1 999.999 9
2 75.0 24.500 1 999.999 9
2 100.0 21.800 1 999.999 9
2 150.0 20.800 1 999.999 9
2 200.0 17.700 1 999.999 9
2 250.0 13.300 1 999.999 9
1 1979020201 7.550 139.250 7 1 1
2 2.0 28.190 1 34.537 1
2 50.0 28.140 1 34.518 1
2 66.0 28.080 1 34.508 1
2 102.0 23.380 1 34.903 1
2 150.0 15.060 1 34.660 1
2 202.0 10.850 1 34.612 1
2 250.0 9.750 1 34.684 1
2 302.0 9.000 1 34.718 1
2 350.0 8.490 1 34.697 1
2 402.0 8.170 1 34.676 1
2 450.0 7.870 1 34.712 1
2 502.0 7.400 1 34.635 1
2 608.0 6.660 1 34.560 1
2 808.0 5.400 1 34.570 1
2 1005.0 4.370 1 34.600 1
2 1272.0 3.360 1 34.620 1
2 1463.0 2.920 1 34.680 1
2 1726.0 2.450 1 34.650 1
2 1984.0 2.180 1 34.650 1
2 2753.0 1.670 1 34.700 1
1 1979020603 0.600 139.967 7 1 1
2 14.0 29.030 1 34.577 1
2 38.0 28.930 1 34.599 1
2 50.0 28.710 1 34.636 1
2 102.0 24.810 1 35.263 1
2 150.0 20.410 1 35.245 1
2 198.0 18.090 1 35.470 1
2 249.0 13.770 1 35.053 1
2 300.0 10.030 1 34.824 1
2 348.0 9.480 1 34.786 1
2 401.0 9.370 1 34.805 1
2 450.0 8.580 1 34.721 1
2 497.0 7.860 1 34.738 1
2 551.0 7.180 1 34.505 1
2 587.0 7.030 1 34.567 1
2 702.0 5.910 1 34.555 1
2 925.0 4.760 1 34.586 1
2 996.0 4.470 1 34.559 1
2 1155.0 4.050 1 34.596 1
2 1365.0 3.190 1 34.604 1
1 1979020705 2.650 139.933 2 1 0
2 0.0 30.110 1 999.999 9
2 9.0 28.720 1 999.999 9
2 21.0 29.780 1 999.999 9
2 40.0 29.220 1 999.999 9
2 49.0 28.890 1 999.999 9
2 61.0 28.720 1 999.999 9
2 70.0 28.110 1 999.999 9
2 79.0 27.390 1 999.999 9
2 91.0 27.390 1 999.999 9
2 101.0 27.000 1 999.999 9
2 116.0 26.610 1 999.999 9
2 119.0 26.220 1 999.999 9
2 125.0 25.500 1 999.999 9
2 152.0 25.500 1 999.999 9
2 158.0 24.390 1 999.999 9
2 165.0 23.780 1 999.999 9
2 171.0 23.000 1 999.999 9
2 180.0 21.110 1 999.999 9
2 189.0 20.390 1 999.999 9
2 201.0 18.280 1 999.999 9
1 1979021311 2.500 139.967 2 1 0
2 0.0 28.390 1 999.999 9
2 9.0 28.390 1 999.999 9
2 21.0 28.610 1 999.999 9
2 40.0 28.610 1 999.999 9
2 49.0 28.220 1 999.999 9
2 61.0 28.000 1 999.999 9
2 70.0 27.500 1 999.999 9
2 79.0 26.890 1 999.999 9
2 91.0 26.390 1 999.999 9
2 101.0 26.280 1 999.999 9
2 110.0 26.220 1 999.999 9
2 119.0 25.780 1 999.999 9
2 131.0 24.610 1 999.999 9
2 140.0 24.000 1 999.999 9
2 149.0 23.000 1 999.999 9
2 158.0 21.610 3 999.999 9
2 168.0 11.610 3 999.999 9
1 1979030611 8.517 132.350 2 1 0
2 0.0 27.890 1 999.999 9
2 33.0 27.890 1 999.999 9
2 61.0 23.220 1 999.999 9
2 64.0 22.000 1 999.999 9
2 85.0 19.720 1 999.999 9
2 91.0 19.390 1 999.999 9
2 104.0 18.110 1 999.999 9
2 119.0 17.500 1 999.999 9
2 131.0 16.110 1 999.999 9
2 158.0 13.780 1 999.999 9
2 168.0 13.780 1 999.999 9
2 201.0 11.000 1 999.999 9
1 1979030623 9.917 135.717 2 1 0
2 0.0 28.110 1 999.999 9
2 73.0 27.780 1 999.999 9
2 91.0 25.780 1 999.999 9
2 116.0 22.280 1 999.999 9
2 140.0 18.610 1 999.999 9
2 143.0 18.390 1 999.999 9
2 158.0 16.000 1 999.999 9
2 171.0 15.280 1 999.999 9
2 201.0 11.890 1 999.999 9
1 1979042120 7.817 130.000 7 1 1
2 0.0 28.900 1 33.780 1
2 10.0 28.960 1 33.780 1
2 20.0 28.520 1 33.850 1
2 30.0 28.360 1 33.960 1
2 50.0 27.950 1 34.400 1
2 75.0 22.590 1 34.760 1
2 100.0 19.750 1 34.760 1
2 125.0 16.800 1 34.760 1
2 150.0 14.580 1 34.580 1
2 200.0 10.880 1 34.400 1
2 248.0 9.280 1 34.400 1
2 296.0 8.460 1 34.520 1
2 389.0 7.700 1 34.520 1
2 484.0 6.970 1 34.520 1
2 586.0 6.410 1 34.520 1
2 800.0 5.520 1 34.520 1
2 1016.0 4.610 1 34.600 1
2 1237.0 3.720 1 34.600 1
2 1611.0 2.740 1 34.760 1
1 1979050617 9.000 136.883 2 1 0
2 0.0 28.390 1 999.999 9
2 70.0 28.610 1 999.999 9
2 101.0 23.610 1 999.999 9
2 201.0 12.890 1 999.999 9
2 222.0 10.890 1 999.999 9
2 399.0 8.000 1 999.999 9
2 460.0 7.610 1 999.999 9
1 1979050621 8.000 136.967 2 1 0
2 0.0 28.720 1 999.999 9
2 52.0 28.890 1 999.999 9
2 76.0 28.500 1 999.999 9
2 101.0 25.610 1 999.999 9
2 189.0 12.500 1 999.999 9
2 460.0 8.220 1 999.999 9
1 1979050700 6.967 137.017 2 1 0
2 0.0 29.110 1 999.999 9
2 85.0 27.610 1 999.999 9
2 101.0 25.110 1 999.999 9
2 152.0 17.610 1 999.999 9
2 210.0 12.280 1 999.999 9
2 460.0 7.610 1 999.999 9
1 1979050704 6.000 137.100 2 1 0
2 0.0 29.890 1 999.999 9
2 64.0 29.610 1 999.999 9
2 101.0 26.610 1 999.999 9
2 250.0 11.000 1 999.999 9
2 460.0 7.720 1 999.999 9
1 1979050708 5.017 137.000 2 1 0
2 0.0 29.110 1 999.999 9
2 49.0 28.610 1 999.999 9
2 61.0 27.110 1 999.999 9
2 101.0 26.390 1 999.999 9
2 207.0 18.220 1 999.999 9
2 280.0 10.220 1 999.999 9
2 460.0 7.500 1 999.999 9
1 1979050823 2.017 130.467 2 1 0
2 0.0 29.500 1 999.999 9
2 40.0 29.780 1 999.999 9
2 49.0 28.110 1 999.999 9
2 70.0 28.000 1 999.999 9
2 79.0 26.110 1 999.999 9
2 101.0 26.000 1 999.999 9
2 107.0 25.720 1 999.999 9
2 113.0 24.000 1 999.999 9
2 265.0 13.280 1 999.999 9
2 299.0 12.500 1 999.999 9
2 335.0 10.220 1 999.999 9
2 360.0 11.000 1 999.999 9
2 460.0 11.000 1 999.999 9
1 1979050923 1.817 130.317 2 1 0
2 0.0 29.610 1 999.999 9
2 27.0 29.780 1 999.999 9
2 33.0 28.220 1 999.999 9
2 52.0 28.110 1 999.999 9
2 64.0 26.220 1 999.999 9
2 94.0 25.610 1 999.999 9
2 101.0 23.890 1 999.999 9
2 222.0 16.000 1 999.999 9
2 232.0 16.000 1 999.999 9
2 326.0 10.500 1 999.999 9
2 332.0 11.110 1 999.999 9
2 460.0 8.720 1 999.999 9
1 1979051023 2.267 130.100 2 1 0
2 0.0 29.780 1 999.999 9
2 27.0 28.390 1 999.999 9
2 43.0 25.780 1 999.999 9
2 101.0 22.890 1 999.999 9
2 122.0 22.610 1 999.999 9
2 256.0 15.280 1 999.999 9
2 329.0 9.890 1 999.999 9
2 460.0 8.500 1 999.999 9
1 1979051223 2.067 130.117 2 1 0
2 0.0 29.280 1 999.999 9
2 18.0 29.390 1 999.999 9
2 46.0 23.220 1 999.999 9
2 82.0 26.110 1 999.999 9
2 101.0 24.000 1 999.999 9
2 201.0 19.780 1 999.999 9
2 204.0 18.780 1 999.999 9
2 354.0 9.500 1 999.999 9
2 363.0 10.110 1 999.999 9
2 460.0 8.780 1 999.999 9
1 1979051623 2.067 130.067 2 1 0
2 0.0 29.220 1 999.999 9
2 101.0 24.280 1 999.999 9
2 122.0 23.110 1 999.999 9
2 299.0 11.780 1 999.999 9
2 460.0 8.890 1 999.999 9
1 1979052615 9.317 130.067 E 0 1
2 0.0 999.999 9 35.770 1
1 1979060223 2.367 130.133 2 1 0
2 0.0 29.500 1 999.999 9
2 37.0 29.610 1 999.999 9
2 101.0 23.610 1 999.999 9
2 171.0 20.610 1 999.999 9
2 195.0 16.220 1 999.999 9
2 256.0 11.890 1 999.999 9
2 286.0 11.780 1 999.999 9
2 314.0 9.720 1 999.999 9
2 460.0 8.220 1 999.999 9
1 1979060323 2.533 130.167 2 1 0
2 0.0 29.390 1 999.999 9
2 52.0 29.720 1 999.999 9
2 101.0 25.500 1 999.999 9
2 119.0 22.890 1 999.999 9
2 155.0 22.220 1 999.999 9
2 201.0 18.500 1 999.999 9
2 286.0 10.280 1 999.999 9
2 460.0 8.390 1 999.999 9
1 1979060523 2.533 130.017 2 1 0
2 0.0 29.610 1 999.999 9
2 49.0 29.610 1 999.999 9
2 85.0 26.390 1 999.999 9
2 101.0 24.500 1 999.999 9
2 189.0 18.780 1 999.999 9
2 204.0 18.110 1 999.999 9
2 216.0 15.610 1 999.999 9
2 235.0 14.890 1 999.999 9
2 262.0 10.720 1 999.999 9
2 460.0 7.720 1 999.999 9
1 1979061119 2.000 137.000 2 1 0
2 0.0 29.500 1 999.999 9
2 43.0 29.890 1 999.999 9
2 101.0 26.780 1 999.999 9
2 104.0 25.780 1 999.999 9
2 116.0 26.110 1 999.999 9
2 186.0 18.390 1 999.999 9
2 210.0 19.720 1 999.999 9
2 241.0 18.000 1 999.999 9
2 293.0 11.500 1 999.999 9
2 460.0 8.390 1 999.999 9
1 1979061123 3.000 137.000 2 1 0
2 0.0 29.500 1 999.999 9
2 37.0 29.780 1 999.999 9
2 101.0 26.720 1 999.999 9
2 180.0 21.780 1 999.999 9
2 189.0 18.890 1 999.999 9
2 201.0 18.000 1 999.999 9
2 238.0 18.000 1 999.999 9
2 265.0 16.500 1 999.999 9
2 326.0 9.220 1 999.999 9
2 460.0 7.780 1 999.999 9
1 1979061203 4.000 137.000 2 1 0
2 0.0 29.390 1 999.999 9
2 37.0 28.720 1 999.999 9
2 101.0 26.500 1 999.999 9
2 168.0 23.500 1 999.999 9
2 180.0 23.610 1 999.999 9
2 265.0 11.000 1 999.999 9
2 460.0 7.720 1 999.999 9
1 1979061206 5.000 137.000 2 1 0
2 0.0 29.220 1 999.999 9
2 30.0 29.610 1 999.999 9
2 40.0 28.780 1 999.999 9
2 101.0 26.500 1 999.999 9
2 174.0 23.110 1 999.999 9
2 222.0 14.220 1 999.999 9
2 250.0 11.610 1 999.999 9
2 460.0 7.890 1 999.999 9
1 1979061210 6.067 137.000 2 1 0
2 0.0 28.780 1 999.999 9
2 37.0 29.220 1 999.999 9
2 49.0 27.500 1 999.999 9
2 101.0 23.720 1 999.999 9
2 110.0 23.720 1 999.999 9
2 119.0 21.610 1 999.999 9
2 149.0 19.780 1 999.999 9
2 201.0 12.110 1 999.999 9
2 213.0 11.890 1 999.999 9
2 241.0 9.610 1 999.999 9
2 460.0 7.110 1 999.999 9
1 1979061214 7.000 137.000 2 1 0
2 0.0 28.890 1 999.999 9
2 85.0 28.000 1 999.999 9
2 101.0 25.280 1 999.999 9
2 158.0 14.890 1 999.999 9
2 180.0 14.220 1 999.999 9
2 460.0 8.000 1 999.999 9
1 1979061218 8.000 137.000 2 1 0
2 0.0 29.000 1 999.999 9
2 30.0 29.110 1 999.999 9
2 85.0 26.000 1 999.999 9
2 101.0 22.780 1 999.999 9
2 149.0 18.720 1 999.999 9
2 165.0 15.000 1 999.999 9
2 259.0 10.000 1 999.999 9
2 460.0 7.500 1 999.999 9
1 1979061221 9.000 137.000 2 1 0
2 0.0 29.000 1 999.999 9
2 37.0 29.000 1 999.999 9
2 94.0 24.220 1 999.999 9
2 101.0 24.110 1 999.999 9
2 140.0 21.000 1 999.999 9
2 219.0 12.110 1 999.999 9
2 299.0 9.000 1 999.999 9
2 460.0 7.280 1 999.999 9
1 1979061403 7.217 130.817 E 0 1
2 0.0 999.999 9 35.710 1
1 1979062807 0.000 137.000 7 1 1
2 0.0 30.400 1 34.351 1
2 9.0 29.480 1 34.325 1
2 23.0 29.240 1 34.359 1
2 47.0 28.920 1 34.362 1
2 70.0 28.430 1 34.435 1
2 94.0 28.330 1 34.685 1
2 119.0 24.960 1 35.339 1
2 143.0 23.650 1 35.416 1
2 168.0 23.090 1 35.564 1
2 193.0 20.090 1 35.538 1
2 217.0 17.560 1 35.375 1
2 241.0 17.020 1 35.337 1
2 265.0 14.870 1 35.163 1
2 289.0 13.170 1 35.018 1
2 339.0 11.600 1 34.881 1
2 390.0 9.580 1 34.716 1
2 441.0 8.990 1 34.672 1
2 493.0 8.370 1 34.627 1
2 598.0 6.790 1 34.556 1
2 810.0 5.310 1 34.549 1
2 1022.0 4.490 1 34.557 1
2 1290.0 3.650 1 34.583 1
2 1611.0 2.770 1 34.624 1
2 1886.0 2.350 1 34.641 1
2 2161.0 2.040 1 34.655 1
2 2710.0 1.640 1 34.675 1
2 3259.0 1.550 1 34.684 1
2 3809.0 1.530 1 34.690 1
2 4358.0 1.550 1 34.692 1
1 1979062807 0.000 137.000 1 1 0
2 0.0 29.800 1 999.999 9
2 10.0 29.600 1 999.999 9
2 20.0 29.300 1 999.999 9
2 30.0 29.200 1 999.999 9
2 50.0 28.700 1 999.999 9
2 75.0 28.500 1 999.999 9
2 100.0 27.300 1 999.999 9
2 150.0 23.100 1 999.999 9
2 200.0 18.000 1 999.999 9
2 250.0 14.800 1 999.999 9
1 1979062815 1.000 137.000 1 1 0
2 0.0 30.100 1 999.999 9
2 10.0 29.900 1 999.999 9
2 20.0 29.800 1 999.999 9
2 30.0 29.800 1 999.999 9
2 50.0 29.700 1 999.999 9
2 75.0 28.700 1 999.999 9
2 100.0 26.500 1 999.999 9
2 150.0 21.800 1 999.999 9
2 200.0 17.100 1 999.999 9
1 1979062815 0.967 137.000 7 1 1
2 0.0 30.100 1 34.204 1
2 10.0 29.670 1 34.164 1
2 25.0 29.590 1 34.343 1
2 50.0 29.530 1 34.496 1
2 75.0 28.500 1 34.765 1
2 100.0 26.450 1 35.192 1
2 121.0 25.070 1 35.089 1
2 146.0 22.670 1 35.161 1
2 170.0 21.440 1 35.430 1
2 195.0 18.880 1 35.470 1
2 220.0 16.450 1 35.275 1
2 245.0 15.790 1 35.204 1
2 269.0 15.300 1 35.199 1
2 295.0 13.970 1 35.087 1
2 340.0 11.550 1 34.866 1
2 395.0 9.910 1 34.719 1
2 448.0 9.140 1 34.665 1
2 503.0 8.490 1 34.635 1
2 610.0 7.310 1 34.585 1
2 827.0 5.140 1 34.550 1
2 1037.0 4.460 1 34.560 1
2 1336.0 3.500 1 34.591 1
1 1979062823 1.967 137.000 7 1 1
2 0.0 30.500 1 34.083 1
2 10.0 29.770 1 34.054 1
2 25.0 29.660 1 34.085 1
2 49.0 29.690 1 34.357 1
2 74.0 28.540 1 34.746 1
2 99.0 25.550 1 34.952 1
2 123.0 25.080 1 35.212 1
2 148.0 22.410 1 35.534 1
2 173.0 21.140 1 35.542 1
2 197.0 18.280 1 35.396 1
2 222.0 17.620 1 35.348 1
2 246.0 16.040 1 35.256 1
2 271.0 14.640 1 35.138 1
2 296.0 13.570 1 35.040 1
2 341.0 11.730 1 34.889 1
2 389.0 9.340 1 34.607 1
2 435.0 9.010 1 34.637 1
2 483.0 8.190 1 34.600 1
2 586.0 6.900 1 34.565 1
2 791.0 5.390 1 34.548 1
2 995.0 4.810 1 34.556 1
2 1209.0 3.810 1 34.587 1
1 1979062905 3.000 137.000 1 1 0
2 0.0 30.300 1 999.999 9
2 10.0 29.700 1 999.999 9
2 20.0 29.700 1 999.999 9
2 30.0 29.700 1 999.999 9
2 50.0 29.500 1 999.999 9
2 75.0 28.400 1 999.999 9
2 100.0 25.900 1 999.999 9
2 150.0 22.300 1 999.999 9
2 200.0 18.000 1 999.999 9
2 250.0 15.100 1 999.999 9
1 1979062905 3.000 137.000 2 1 0
2 0.0 29.600 1 999.999 9
2 10.0 29.700 1 999.999 9
2 20.0 29.700 1 999.999 9
2 30.0 29.600 1 999.999 9
2 50.0 29.000 1 999.999 9
2 75.0 27.600 1 999.999 9
2 100.0 25.700 1 999.999 9
2 150.0 22.400 1 999.999 9
2 200.0 18.800 1 999.999 9
2 250.0 16.200 1 999.999 9
2 300.0 14.200 1 999.999 9
2 350.0 9.400 1 999.999 9
2 400.0 8.100 1 999.999 9
2 450.0 7.900 1 999.999 9
1 1979062905 2.967 137.000 7 1 1
2 0.0 29.600 1 33.992 1
2 9.0 29.540 1 33.953 1
2 23.0 29.420 1 33.935 1
2 45.0 29.020 1 34.330 1
2 68.0 27.960 1 34.671 1
2 89.0 26.930 1 34.973 1
2 110.0 25.040 1 35.091 1
2 131.0 23.140 1 34.922 1
2 152.0 22.590 1 35.377 1
2 173.0 19.580 1 35.478 1
2 194.0 18.660 1 35.415 1
2 215.0 18.300 1 35.400 1
2 236.0 16.740 1 35.299 1
2 258.0 15.370 1 35.192 1
2 432.0 7.810 1 34.597 1
2 541.0 6.940 1 34.562 1
2 650.0 6.170 1 34.554 1
2 760.0 5.470 1 34.550 1
2 869.0 4.870 1 34.560 1
2 978.0 4.410 1 34.571 1
2 1087.0 4.050 1 34.577 1
2 1306.0 3.370 1 34.596 1
1 1979062914 3.967 137.050 1 1 0
2 0.0 29.500 1 999.999 9
2 10.0 29.500 1 999.999 9
2 20.0 29.500 1 999.999 9
2 30.0 29.500 1 999.999 9
2 50.0 29.500 1 999.999 9
2 75.0 28.700 1 999.999 9
2 100.0 27.800 1 999.999 9
2 150.0 22.300 1 999.999 9
2 200.0 15.000 1 999.999 9
1 1979062914 3.967 137.067 7 1 1
2 0.0 29.400 1 34.016 1
2 10.0 29.430 1 34.002 1
2 24.0 29.440 1 33.997 1
2 48.0 29.560 1 34.175 1
2 73.0 28.920 1 34.467 1
2 97.0 28.080 1 34.644 1
2 121.0 26.840 1 34.751 1
2 145.0 23.040 1 34.994 1
2 170.0 18.320 1 34.840 1
2 194.0 16.630 1 34.734 1
2 218.0 13.780 1 34.598 1
2 242.0 12.310 1 34.553 1
2 265.0 10.460 1 34.525 1
2 288.0 9.710 1 34.524 1
2 293.0 9.290 1 34.545 1
2 336.0 8.600 1 34.582 1
2 378.0 8.260 1 34.591 1
2 421.0 7.900 1 34.586 1
2 505.0 7.430 1 34.580 1
2 677.0 6.280 1 34.556 1
2 855.0 5.080 1 34.556 1
2 1091.0 4.050 1 34.575 1
1 1979062923 4.967 137.067 7 1 1
2 0.0 29.500 1 34.041 1
2 9.0 29.510 1 33.998 1
2 23.0 29.530 1 33.997 1
2 45.0 29.550 1 34.213 1
2 67.0 29.240 1 34.323 1
2 89.0 27.590 1 34.463 1
2 111.0 26.530 1 34.643 1
2 132.0 24.410 1 34.898 1
2 153.0 22.140 1 34.907 1
2 172.0 18.660 1 34.826 1
2 191.0 15.170 1 34.659 1
2 209.0 12.440 1 34.545 1
2 227.0 11.550 1 34.516 1
2 243.0 10.780 1 34.578 1
2 256.0 10.080 1 34.581 1
2 404.0 8.160 1 34.598 1
2 484.0 7.520 1 34.582 1
2 609.0 6.290 1 34.555 1
2 720.0 5.460 1 34.555 1
2 780.0 5.330 1 34.549 1
2 858.0 4.980 1 34.561 1
2 1004.0 4.470 1 34.571 1
2 1170.0 3.890 1 34.579 1
2 1518.0 2.980 1 34.614 1
2 1900.0 2.290 1 34.648 1
2 2311.0 1.910 1 34.662 1
2 2736.0 1.660 1 34.682 1
1 1979063001 4.967 137.017 2 1 0
2 0.0 29.700 1 999.999 9
2 10.0 29.700 1 999.999 9
2 20.0 29.700 1 999.999 9
2 30.0 29.700 1 999.999 9
2 50.0 29.600 1 999.999 9
2 75.0 28.700 1 999.999 9
2 100.0 26.900 1 999.999 9
2 150.0 20.100 1 999.999 9
2 200.0 13.200 1 999.999 9
2 250.0 10.500 1 999.999 9
2 300.0 9.500 1 999.999 9
2 350.0 8.700 1 999.999 9
2 400.0 8.300 1 999.999 9
2 450.0 7.800 1 999.999 9
1 1979063010 5.967 136.933 1 1 0
2 0.0 29.200 1 999.999 9
2 10.0 29.200 1 999.999 9
2 20.0 29.200 1 999.999 9
2 30.0 29.200 1 999.999 9
2 50.0 29.200 1 999.999 9
2 75.0 28.200 1 999.999 9
2 100.0 25.600 1 999.999 9
2 150.0 16.700 1 999.999 9
2 200.0 10.800 1 999.999 9
1 1979063010 5.967 136.967 7 1 1
2 0.0 29.200 1 34.046 1
2 8.0 29.210 1 34.033 1
2 20.0 29.210 1 34.032 1
2 40.0 29.250 1 34.097 1
2 61.0 28.870 1 34.323 1
2 82.0 27.240 1 34.511 1
2 102.0 24.900 1 34.755 1
2 123.0 20.540 1 34.883 1
2 144.0 17.260 1 34.794 1
2 165.0 14.360 1 34.611 1
2 187.0 11.710 1 34.510 1
2 210.0 10.980 1 34.567 1
2 232.0 10.040 1 34.591 1
2 254.0 9.740 1 34.598 1
2 362.0 8.570 1 34.616 1
2 395.0 8.330 1 34.604 1
2 431.0 8.090 1 34.602 1
2 505.0 7.470 1 34.583 1
2 579.0 6.920 1 34.555 1
2 659.0 6.340 1 34.547 1
2 745.0 5.790 1 34.546 1
2 837.0 5.290 1 34.545 1
2 1040.0 4.320 1 34.567 1
1 1979063020 7.000 136.967 7 1 1
2 0.0 29.300 1 34.013 1
2 11.0 29.220 1 34.003 1
2 28.0 29.260 1 34.026 1
2 53.0 28.730 1 34.316 1
2 85.0 27.510 1 34.472 1
2 114.0 22.100 1 34.899 1
2 142.0 18.500 1 34.856 1
2 171.0 15.540 1 34.671 1
2 199.0 11.760 1 34.557 1
2 227.0 10.570 1 34.544 1
2 256.0 9.760 1 34.549 1
2 284.0 9.340 1 34.578 1
2 313.0 8.900 1 34.589 1
2 342.0 8.710 1 34.601 1
2 418.0 7.980 1 34.580 1
2 480.0 7.570 1 34.569 1
2 542.0 7.230 1 34.559 1
2 604.0 6.720 1 34.545 1
2 728.0 5.990 1 34.539 1
2 976.0 4.650 1 34.551 1
2 1226.0 3.490 1 34.582 1
2 1544.0 2.850 1 34.611 1
1 1979063020 7.000 136.967 1 1 0
2 0.0 29.300 1 999.999 9
2 10.0 29.300 1 999.999 9
2 20.0 29.300 1 999.999 9
2 30.0 29.300 1 999.999 9
2 50.0 29.300 1 999.999 9
2 75.0 28.300 1 999.999 9
2 100.0 25.300 1 999.999 9
2 150.0 18.000 1 999.999 9
2 200.0 11.600 1 999.999 9
2 250.0 9.500 1 999.999 9
1 1979070104 8.000 136.967 1 1 0
2 0.0 29.100 1 999.999 9
2 10.0 29.100 1 999.999 9
2 20.0 29.200 1 999.999 9
2 30.0 29.200 1 999.999 9
2 50.0 28.800 1 999.999 9
2 75.0 27.500 1 999.999 9
2 100.0 24.000 1 999.999 9
2 150.0 17.600 1 999.999 9
2 200.0 13.600 1 999.999 9
2 250.0 10.300 1 999.999 9
1 1979070104 8.000 136.967 7 1 1
2 0.0 29.100 1 33.942 1
2 11.0 29.080 1 33.968 1
2 26.0 29.160 1 34.102 1
2 54.0 29.010 1 34.316 1
2 80.0 27.410 1 34.504 1
2 107.0 22.780 1 34.823 1
2 133.0 19.570 1 34.810 1
2 160.0 17.180 1 34.740 1
2 187.0 14.370 1 34.624 1
2 214.0 13.590 1 34.580 1
2 240.0 11.550 1 34.549 1
2 268.0 10.250 1 34.540 1
2 294.0 9.800 1 34.568 1
2 321.0 9.120 1 34.555 1
2 366.0 8.630 1 34.553 1
2 424.0 8.000 1 34.553 1
2 482.0 7.470 1 34.548 1
2 541.0 7.210 1 34.537 1
2 657.0 6.310 1 34.542 1
2 891.0 5.050 1 34.544 1
2 1124.0 4.000 1 34.570 1
2 1417.0 3.120 1 34.602 1
1 1979070111 9.000 137.017 1 1 0
2 0.0 29.100 1 999.999 9
2 10.0 29.100 1 999.999 9
2 20.0 29.100 1 999.999 9
2 30.0 29.100 1 999.999 9
2 50.0 28.600 1 999.999 9
2 75.0 27.200 1 999.999 9
2 100.0 24.300 1 999.999 9
2 150.0 18.300 1 999.999 9
2 200.0 12.400 1 999.999 9
1 1979070111 9.000 137.017 7 1 1
2 0.0 29.100 1 34.038 1
2 10.0 29.160 1 34.026 1
2 25.0 29.150 1 34.025 1
2 49.0 28.580 1 34.287 1
2 74.0 27.460 1 34.441 1
2 99.0 23.770 1 34.761 1
2 124.0 20.350 1 34.887 1
2 148.0 18.540 1 34.808 1
2 174.0 15.890 1 34.689 1
2 199.0 12.640 1 34.564 1
2 225.0 11.880 1 34.539 1
2 251.0 10.010 1 34.528 1
2 277.0 9.390 1 34.539 1
2 303.0 8.890 1 34.536 1
2 323.0 8.630 1 34.531 1
2 374.0 8.150 1 34.554 1
2 474.0 7.440 1 0.000 9
2 587.0 6.610 1 34.539 1
2 800.0 5.510 1 34.539 1
2 1013.0 4.460 1 34.560 1
2 1227.0 3.710 1 34.579 1
1 1979071012 8.017 130.000 1 1 0
2 0.0 28.400 1 999.999 9
2 10.0 28.300 1 999.999 9
2 20.0 28.200 1 999.999 9
2 30.0 28.200 1 999.999 9
2 50.0 28.100 1 999.999 9
2 75.0 26.500 1 999.999 9
2 100.0 22.500 1 999.999 9
2 125.0 19.300 1 999.999 9
2 150.0 16.000 1 999.999 9
2 175.0 14.200 1 999.999 9
2 200.0 12.000 1 999.999 9
2 250.0 9.400 1 999.999 9
2 270.0 9.000 1 999.999 9
1 1979073006 8.417 131.383 2 1 0
2 0.0 28.710 1 999.999 9
2 67.0 28.690 1 999.999 9
2 83.0 27.970 1 999.999 9
2 93.0 27.240 1 999.999 9
2 101.0 26.300 1 999.999 9
2 108.0 25.160 1 999.999 9
2 110.0 23.950 1 999.999 9
2 112.0 23.700 1 999.999 9
2 116.0 23.580 1 999.999 9
2 130.0 20.560 1 999.999 9
2 138.0 19.870 1 999.999 9
2 143.0 19.040 1 999.999 9
2 146.0 18.900 1 999.999 9
2 153.0 18.090 1 999.999 9
2 157.0 17.810 1 999.999 9
2 165.0 17.420 1 999.999 9
2 171.0 16.720 1 999.999 9
2 174.0 16.540 1 999.999 9
2 178.0 16.110 1 999.999 9
2 192.0 15.250 1 999.999 9
2 197.0 15.080 1 999.999 9
2 205.0 14.140 1 999.999 9
2 208.0 13.190 1 999.999 9
2 216.0 12.260 1 999.999 9
2 221.0 11.930 1 999.999 9
2 226.0 11.840 1 999.999 9
2 243.0 11.130 1 999.999 9
2 247.0 10.840 1 999.999 9
2 256.0 10.490 1 999.999 9
2 263.0 10.100 1 999.999 9
2 274.0 9.700 1 999.999 9
2 287.0 9.470 1 999.999 9
2 310.0 8.840 1 999.999 9
2 339.0 8.640 1 999.999 9
2 351.0 8.280 1 999.999 9
2 362.0 8.050 1 999.999 9
2 392.0 8.040 1 999.999 9
2 399.0 7.840 1 999.999 9
2 409.0 7.820 1 999.999 9
2 418.0 7.500 1 999.999 9
2 458.0 7.480 1 999.999 9
1 1979073012 7.517 132.683 2 1 0
2 0.0 28.960 1 999.999 9
2 40.0 29.020 1 999.999 9
2 51.0 28.050 1 999.999 9
2 61.0 27.840 1 999.999 9
2 69.0 26.420 1 999.999 9
2 78.0 25.790 1 999.999 9
2 82.0 25.740 1 999.999 9
2 108.0 22.890 1 999.999 9
2 118.0 22.540 1 999.999 9
2 124.0 22.130 1 999.999 9
2 134.0 19.870 1 999.999 9
2 150.0 17.570 1 999.999 9
2 154.0 17.570 1 999.999 9
2 172.0 15.320 1 999.999 9
2 179.0 15.070 1 999.999 9
2 187.0 13.770 1 999.999 9
2 197.0 12.870 1 999.999 9
2 207.0 12.420 1 999.999 9
2 219.0 12.270 1 999.999 9
2 240.0 11.050 1 999.999 9
2 253.0 10.550 1 999.999 9
2 289.0 10.030 1 999.999 9
2 294.0 9.570 1 999.999 9
2 313.0 9.460 1 999.999 9
2 323.0 8.840 1 999.999 9
2 345.0 9.100 1 999.999 9
2 374.0 8.790 1 999.999 9
2 384.0 8.270 1 999.999 9
2 460.0 7.710 1 999.999 9
1 1979073017 8.533 134.567 1 1 0
2 0.0 28.900 1 999.999 9
2 10.0 28.900 1 999.999 9
2 16.0 28.800 1 999.999 9
2 20.0 28.800 1 999.999 9
2 30.0 28.900 1 999.999 9
2 34.0 29.000 1 999.999 9
2 40.0 29.000 1 999.999 9
2 50.0 29.000 1 999.999 9
2 60.0 28.800 1 999.999 9
2 63.0 28.700 1 999.999 9
2 70.0 28.300 1 999.999 9
2 80.0 27.700 1 999.999 9
2 90.0 27.000 1 999.999 9
2 96.0 26.600 1 999.999 9
2 100.0 25.800 1 999.999 9
2 110.0 24.400 1 999.999 9
2 120.0 22.500 1 999.999 9
2 125.0 21.800 1 999.999 9
2 130.0 21.500 1 999.999 9
2 140.0 20.400 1 999.999 9
2 150.0 20.100 1 999.999 9
2 160.0 19.100 1 999.999 9
2 170.0 17.500 1 999.999 9
2 180.0 15.600 1 999.999 9
2 185.0 15.000 1 999.999 9
2 190.0 14.700 1 999.999 9
2 200.0 14.000 1 999.999 9
1 1979073018 6.267 134.167 2 1 0
2 0.0 29.270 1 999.999 9
2 49.0 29.040 1 999.999 9
2 61.0 28.870 1 999.999 9
2 67.0 28.690 1 999.999 9
2 69.0 28.300 1 999.999 9
2 70.0 28.190 1 999.999 9
2 75.0 28.010 1 999.999 9
2 77.0 27.700 1 999.999 9
2 83.0 26.630 1 999.999 9
2 86.0 26.350 1 999.999 9
2 92.0 26.210 1 999.999 9
2 94.0 26.170 1 999.999 9
2 104.0 24.300 1 999.999 9
1 1979073100 9.850 135.500 7 1 1
2 0.0 28.740 1 34.050 1
2 10.0 28.700 1 34.090 1
2 19.0 28.680 1 34.130 1
2 30.0 28.660 1 34.230 1
2 49.0 27.980 1 34.360 1
2 75.0 26.850 1 34.650 1
2 99.0 25.180 1 34.760 1
2 124.0 22.560 1 34.830 1
2 151.0 20.160 1 34.850 1
2 195.0 14.890 1 34.760 1
2 251.0 12.540 1 34.490 1
2 306.0 9.360 1 34.310 1
2 411.0 7.870 1 34.410 1
2 500.0 7.300 1 34.380 1
2 602.0 6.760 1 34.400 1
2 802.0 5.740 1 34.540 1
2 996.0 4.800 1 34.560 1
2 1205.0 3.990 1 34.510 1
2 1500.0 3.090 1 34.540 1
1 1979073100 5.350 134.833 2 1 0
2 0.0 29.180 1 999.999 9
2 8.0 28.960 1 999.999 9
2 61.0 28.750 1 999.999 9
2 66.0 28.530 1 999.999 9
2 91.0 23.150 1 999.999 9
2 101.0 22.240 1 999.999 9
2 114.0 19.820 1 999.999 9
2 125.0 18.570 1 999.999 9
2 141.0 15.320 1 999.999 9
2 147.0 14.870 1 999.999 9
2 158.0 14.520 1 999.999 9
2 164.0 13.320 1 999.999 9
2 169.0 12.820 1 999.999 9
2 183.0 12.070 1 999.999 9
2 190.0 11.260 1 999.999 9
2 210.0 10.600 1 999.999 9
2 244.0 9.880 1 999.999 9
2 282.0 9.360 1 999.999 9
2 319.0 9.100 1 999.999 9
2 342.0 9.360 1 999.999 9
2 404.0 8.530 1 999.999 9
2 434.0 8.270 1 999.999 9
2 463.0 8.330 1 999.999 9
1 1979073106 8.533 134.550 1 1 0
2 0.0 29.400 1 999.999 9
2 3.0 29.000 1 999.999 9
2 6.0 28.900 1 999.999 9
2 10.0 28.900 1 999.999 9
2 20.0 28.900 1 999.999 9
2 30.0 28.900 1 999.999 9
2 32.0 28.900 1 999.999 9
2 40.0 29.000 1 999.999 9
2 50.0 29.000 1 999.999 9
2 60.0 28.900 1 999.999 9
2 70.0 28.600 1 999.999 9
2 80.0 27.900 1 999.999 9
2 90.0 27.100 1 999.999 9
2 93.0 27.000 1 999.999 9
2 100.0 27.000 1 999.999 9
2 102.0 27.000 1 999.999 9
2 107.0 26.200 1 999.999 9
2 110.0 25.700 1 999.999 9
2 120.0 22.900 1 999.999 9
2 130.0 21.700 1 999.999 9
2 140.0 20.500 1 999.999 9
2 150.0 20.200 1 999.999 9
2 160.0 19.500 1 999.999 9
2 170.0 18.200 1 999.999 9
2 180.0 16.100 1 999.999 9
2 190.0 14.900 1 999.999 9
2 200.0 13.900 1 999.999 9
1 1979073106 9.133 135.067 1 1 0
2 0.0 29.100 1 999.999 9
2 8.0 28.900 1 999.999 9
2 10.0 28.900 1 999.999 9
2 20.0 28.900 1 999.999 9
2 30.0 28.900 1 999.999 9
2 40.0 28.900 1 999.999 9
2 44.0 29.000 1 999.999 9
2 50.0 29.000 1 999.999 9
2 60.0 28.700 1 999.999 9
2 70.0 28.200 1 999.999 9
2 76.0 27.500 1 999.999 9
2 80.0 27.300 1 999.999 9
2 90.0 26.100 1 999.999 9
2 99.0 25.500 1 999.999 9
2 100.0 25.400 1 999.999 9
2 110.0 23.600 1 999.999 9
2 114.0 23.200 1 999.999 9
2 120.0 22.800 1 999.999 9
2 122.0 22.600 1 999.999 9
2 130.0 21.000 1 999.999 9
2 140.0 19.500 1 999.999 9
2 150.0 18.400 1 999.999 9
2 155.0 17.600 1 999.999 9
2 160.0 17.400 1 999.999 9
2 170.0 16.900 1 999.999 9
2 180.0 15.000 1 999.999 9
2 185.0 14.800 1 999.999 9
2 190.0 13.900 1 999.999 9
2 200.0 13.100 1 999.999 9
1 1979073106 9.217 135.117 7 1 1
2 0.0 29.060 1 33.930 1
2 10.0 28.880 1 33.930 1
2 20.0 28.840 1 33.930 1
2 30.0 28.850 1 33.960 1
2 50.0 28.880 1 34.200 1
2 75.0 27.240 1 34.490 1
2 99.0 25.370 1 34.700 1
2 125.0 23.250 1 34.790 1
2 151.0 19.700 1 34.810 1
2 206.0 12.700 1 34.690 1
2 251.0 11.060 1 34.540 1
2 298.0 9.750 1 34.540 1
2 411.0 7.910 1 34.540 1
2 500.0 7.420 1 34.540 1
2 602.0 6.880 1 34.540 1
2 803.0 5.610 1 34.510 1
2 996.0 4.440 1 34.560 1
2 1207.0 3.760 1 34.560 1
2 1513.0 2.940 1 34.630 1
1 1979073106 4.183 136.217 2 1 0
2 0.0 29.180 1 999.999 9
2 60.0 29.140 1 999.999 9
2 72.0 28.970 1 999.999 9
2 77.0 28.300 1 999.999 9
2 92.0 27.360 1 999.999 9
2 96.0 27.260 1 999.999 9
2 104.0 25.850 1 999.999 9
2 116.0 24.940 1 999.999 9
2 120.0 24.060 1 999.999 9
2 125.0 23.840 1 999.999 9
2 134.0 21.650 1 999.999 9
2 143.0 20.710 1 999.999 9
2 146.0 20.580 1 999.999 9
2 150.0 19.690 1 999.999 9
2 153.0 19.560 1 999.999 9
2 157.0 18.590 1 999.999 9
2 163.0 17.710 1 999.999 9
2 170.0 17.120 1 999.999 9
2 172.0 16.780 1 999.999 9
2 185.0 15.840 1 999.999 9
2 201.0 14.330 1 999.999 9
2 204.0 13.860 1 999.999 9
2 211.0 13.430 1 999.999 9
2 226.0 12.930 1 999.999 9
2 235.0 12.500 1 999.999 9
2 239.0 12.160 1 999.999 9
2 245.0 11.960 1 999.999 9
2 254.0 10.960 1 999.999 9
2 272.0 10.120 1 999.999 9
2 278.0 10.010 1 999.999 9
2 285.0 9.590 1 999.999 9
2 292.0 9.440 1 999.999 9
2 308.0 8.780 1 999.999 9
2 320.0 8.580 1 999.999 9
2 331.0 8.600 1 999.999 9
2 335.0 8.470 1 999.999 9
2 347.0 8.600 1 999.999 9
2 361.0 8.360 1 999.999 9
2 374.0 8.300 1 999.999 9
2 381.0 8.140 1 999.999 9
2 459.0 7.780 1 999.999 9
1 1979073112 9.000 135.000 1 1 0
2 0.0 29.100 1 999.999 9
2 6.0 29.100 1 999.999 9
2 10.0 29.000 1 999.999 9
2 20.0 28.800 1 999.999 9
2 23.0 28.900 1 999.999 9
2 30.0 29.000 1 999.999 9
2 40.0 29.000 1 999.999 9
2 50.0 29.000 1 999.999 9
2 60.0 28.900 1 999.999 9
2 70.0 28.900 1 999.999 9
2 75.0 28.800 1 999.999 9
2 80.0 28.500 1 999.999 9
2 90.0 27.300 1 999.999 9
2 93.0 26.800 1 999.999 9
2 100.0 26.100 1 999.999 9
2 102.0 25.900 1 999.999 9
2 107.0 23.600 1 999.999 9
2 110.0 23.300 1 999.999 9
2 114.0 22.800 1 999.999 9
2 120.0 21.800 1 999.999 9
2 123.0 20.800 1 999.999 9
2 130.0 20.200 1 999.999 9
2 132.0 20.200 1 999.999 9
2 140.0 18.700 1 999.999 9
2 150.0 17.900 1 999.999 9
2 157.0 17.200 1 999.999 9
2 160.0 17.000 1 999.999 9
2 170.0 16.400 1 999.999 9
2 180.0 15.600 1 999.999 9
2 182.0 15.400 1 999.999 9
2 190.0 15.000 1 999.999 9
2 200.0 14.500 1 999.999 9
1 1979073112 9.000 135.000 7 1 1
2 0.0 29.060 1 34.020 1
2 10.0 28.970 1 34.000 1
2 19.0 28.820 1 34.050 1
2 31.0 28.940 1 34.050 1
2 49.0 28.890 1 34.070 1
2 75.0 27.980 1 34.340 1
2 98.0 25.900 1 34.520 1
2 125.0 21.220 1 34.700 1
2 151.0 19.140 1 34.760 1
2 206.0 13.760 1 34.670 1
2 251.0 12.310 1 34.410 1
2 306.0 9.790 1 34.360 1
2 411.0 7.990 1 34.340 1
2 500.0 7.450 1 34.410 1
2 602.0 6.740 1 34.510 1
2 802.0 5.680 1 34.450 1
2 996.0 4.560 1 34.510 1
2 1206.0 3.730 1 34.520 1
2 1500.0 2.900 1 34.560 1
1 1979073112 3.033 137.317 2 1 0
2 0.0 29.230 1 999.999 9
2 50.0 29.020 1 999.999 9
2 64.0 28.590 1 999.999 9
2 68.0 28.800 1 999.999 9
2 78.0 28.860 1 999.999 9
2 88.0 28.430 1 999.999 9
2 100.0 28.430 1 999.999 9
2 106.0 28.160 1 999.999 9
2 116.0 25.680 1 999.999 9
2 119.0 25.680 1 999.999 9
2 133.0 23.510 1 999.999 9
2 139.0 23.200 1 999.999 9
2 152.0 21.420 1 999.999 9
2 161.0 21.530 1 999.999 9
2 168.0 20.770 1 999.999 9
2 171.0 20.770 1 999.999 9
2 181.0 20.070 1 999.999 9
2 186.0 18.870 1 999.999 9
2 196.0 18.220 1 999.999 9
2 203.0 18.570 1 999.999 9
2 214.0 18.220 1 999.999 9
2 240.0 14.920 1 999.999 9
2 246.0 14.770 1 999.999 9
2 257.0 14.070 1 999.999 9
2 275.0 11.410 1 999.999 9
2 298.0 10.080 1 999.999 9
2 308.0 9.150 1 999.999 9
2 318.0 8.640 1 999.999 9
2 344.0 8.380 1 999.999 9
2 354.0 8.070 1 999.999 9
2 468.0 7.230 1 999.999 9
1 1979073114 8.883 134.967 7 1 1
2 0.0 28.950 1 34.020 1
2 10.0 28.920 1 34.020 1
2 20.0 28.820 1 34.020 1
2 30.0 28.880 1 34.020 1
2 49.0 28.900 1 34.040 1
2 73.0 28.640 1 34.180 1
2 98.0 26.630 1 34.600 1
2 123.0 22.000 1 34.810 1
2 150.0 19.220 1 34.870 1
2 205.0 13.020 1 34.740 1
2 252.0 11.040 1 34.600 1
2 307.0 9.300 1 34.410 1
2 411.0 8.060 1 34.340 1
2 500.0 7.590 1 34.400 1
2 602.0 6.810 1 34.510 1
2 803.0 5.500 1 34.450 1
2 996.0 4.480 1 34.470 1
2 1207.0 3.600 1 34.510 1
2 1500.0 2.850 1 34.610 1
1 1979073114 8.533 134.567 1 1 0
2 0.0 29.000 1 999.999 9
2 10.0 29.000 1 999.999 9
2 20.0 28.900 1 999.999 9
2 30.0 29.000 1 999.999 9
2 32.0 29.000 1 999.999 9
2 40.0 29.000 1 999.999 9
2 50.0 29.000 1 999.999 9
2 60.0 28.900 1 999.999 9
2 62.0 28.900 1 999.999 9
2 70.0 28.700 1 999.999 9
2 78.0 28.200 1 999.999 9
2 80.0 28.000 1 999.999 9
2 90.0 26.800 1 999.999 9
2 97.0 26.100 1 999.999 9
2 100.0 25.500 1 999.999 9
2 108.0 23.000 1 999.999 9
2 110.0 22.700 1 999.999 9
2 114.0 22.200 1 999.999 9
2 120.0 21.800 1 999.999 9
2 130.0 21.200 1 999.999 9
2 140.0 20.200 1 999.999 9
2 142.0 20.100 1 999.999 9
2 150.0 19.000 1 999.999 9
2 160.0 18.100 1 999.999 9
2 161.0 18.000 1 999.999 9
2 166.0 16.900 1 999.999 9
2 170.0 16.500 1 999.999 9
2 171.0 16.500 1 999.999 9
2 180.0 14.900 1 999.999 9
2 190.0 14.200 1 999.999 9
2 196.0 14.000 1 999.999 9
2 200.0 13.500 1 999.999 9
1 1979073117 8.883 134.933 7 1 1
2 0.0 28.930 1 34.020 1
2 10.0 28.880 1 34.020 1
2 19.0 28.800 1 34.020 1
2 30.0 28.840 1 34.020 1
2 50.0 28.880 1 34.130 1
2 75.0 28.190 1 34.380 1
2 99.0 26.960 1 34.610 1
2 124.0 22.500 1 34.880 1
2 150.0 19.780 1 34.920 1
2 205.0 13.090 1 34.920 1
2 251.0 11.600 1 34.650 1
2 306.0 9.570 1 34.600 1
2 411.0 8.000 1 34.540 1
2 500.0 7.560 1 34.540 1
2 602.0 6.820 1 34.540 1
2 803.0 5.480 1 34.560 1
2 996.0 4.460 1 34.610 1
2 1204.0 3.690 1 34.650 1
2 1513.0 2.900 1 34.670 1
1 1979073117 8.533 134.517 1 1 0
2 0.0 29.000 1 999.999 9
2 10.0 29.000 1 999.999 9
2 20.0 28.900 1 999.999 9
2 30.0 28.900 1 999.999 9
2 40.0 28.900 1 999.999 9
2 50.0 29.000 1 999.999 9
2 54.0 28.900 1 999.999 9
2 60.0 28.800 1 999.999 9
2 70.0 28.000 1 999.999 9
2 80.0 27.100 1 999.999 9
2 90.0 26.200 1 999.999 9
2 93.0 25.600 1 999.999 9
2 100.0 25.000 1 999.999 9
2 103.0 24.600 1 999.999 9
2 110.0 23.100 1 999.999 9
2 114.0 22.400 1 999.999 9
2 119.0 22.100 1 999.999 9
2 120.0 22.000 1 999.999 9
2 127.0 20.000 1 999.999 9
2 130.0 19.900 1 999.999 9
2 137.0 19.500 1 999.999 9
2 140.0 19.100 1 999.999 9
2 146.0 18.300 1 999.999 9
2 150.0 18.100 1 999.999 9
2 160.0 17.500 1 999.999 9
2 167.0 10.900 4 999.999 9
2 170.0 16.200 1 999.999 9
2 180.0 14.700 1 999.999 9
2 181.0 14.600 1 999.999 9
2 190.0 14.000 1 999.999 9
2 200.0 13.300 1 999.999 9
1 1979073120 8.883 134.967 7 1 1
2 0.0 28.870 1 34.000 1
2 10.0 28.830 1 34.000 1
2 20.0 28.820 1 34.020 1
2 30.0 28.790 1 34.020 1
2 49.0 28.940 1 34.230 1
2 75.0 28.420 1 34.520 1
2 97.0 23.730 1 34.610 1
2 125.0 18.820 1 34.830 1
2 150.0 15.830 1 34.830 1
2 206.0 12.610 1 34.940 1
2 252.0 11.020 1 34.670 1
2 309.0 9.820 1 34.560 1
2 411.0 8.020 1 34.540 1
2 500.0 7.610 1 34.540 1
2 602.0 6.790 1 34.540 1
2 803.0 5.380 1 34.580 1
2 997.0 4.380 1 34.610 1
2 1207.0 3.730 1 34.630 1
2 1513.0 2.910 1 34.690 1
1 1979073120 8.533 134.567 1 1 0
2 0.0 28.900 1 999.999 9
2 10.0 28.900 1 999.999 9
2 20.0 28.900 1 999.999 9
2 23.0 28.900 1 999.999 9
2 30.0 28.800 1 999.999 9
2 38.0 29.000 1 999.999 9
2 40.0 29.000 1 999.999 9
2 50.0 29.000 1 999.999 9
2 60.0 28.900 1 999.999 9
2 70.0 28.600 1 999.999 9
2 71.0 28.600 1 999.999 9
2 80.0 28.100 1 999.999 9
2 90.0 27.500 1 999.999 9
2 95.0 27.200 1 999.999 9
2 100.0 27.100 1 999.999 9
2 110.0 26.700 1 999.999 9
2 115.0 26.300 1 999.999 9
2 120.0 25.200 1 999.999 9
2 123.0 23.600 1 999.999 9
2 130.0 22.300 1 999.999 9
2 140.0 21.200 1 999.999 9
2 145.0 20.300 1 999.999 9
2 150.0 19.900 1 999.999 9
2 157.0 19.100 1 999.999 9
2 160.0 18.400 1 999.999 9
2 165.0 17.000 1 999.999 9
2 170.0 16.500 1 999.999 9
2 175.0 15.500 1 999.999 9
2 180.0 15.400 1 999.999 9
2 190.0 14.600 1 999.999 9
2 200.0 13.700 1 999.999 9
1 1979073123 8.550 134.467 1 1 0
2 0.0 29.000 1 999.999 9
2 10.0 29.000 1 999.999 9
2 20.0 29.000 1 999.999 9
2 30.0 29.000 1 999.999 9
2 40.0 29.000 1 999.999 9
2 50.0 29.000 1 999.999 9
2 60.0 29.000 1 999.999 9
2 65.0 28.900 1 999.999 9
2 70.0 28.800 1 999.999 9
2 73.0 28.700 1 999.999 9
2 80.0 28.100 1 999.999 9
2 86.0 27.700 1 999.999 9
2 90.0 27.200 1 999.999 9
2 100.0 26.000 1 999.999 9
2 110.0 25.000 1 999.999 9
2 120.0 23.000 1 999.999 9
2 130.0 21.800 1 999.999 9
2 140.0 19.900 1 999.999 9
2 145.0 19.700 1 999.999 9
2 148.0 18.900 1 999.999 9
2 150.0 18.600 1 999.999 9
2 160.0 17.700 1 999.999 9
2 170.0 16.400 1 999.999 9
2 180.0 15.300 1 999.999 9
2 190.0 14.600 1 999.999 9
2 195.0 14.400 1 999.999 9
2 200.0 13.800 1 999.999 9
1 1979080100 9.017 134.817 7 1 1
2 0.0 28.870 1 33.960 1
2 11.0 28.820 1 33.960 1
2 19.0 28.800 1 34.000 1
2 30.0 28.790 1 34.000 1
2 49.0 28.920 1 34.040 1
2 75.0 28.100 1 34.200 1
2 98.0 26.900 1 34.520 1
2 125.0 21.900 1 34.690 1
2 150.0 19.760 1 34.870 1
2 205.0 12.770 1 34.920 1
2 251.0 11.040 1 34.580 1
2 306.0 9.280 1 34.430 1
2 411.0 7.660 1 34.430 1
2 500.0 7.300 1 34.400 1
2 602.0 0.000 9 34.400 1
2 803.0 0.000 9 34.470 1
2 996.0 0.000 9 34.540 1
2 1207.0 0.000 9 34.580 1
2 1500.0 0.000 9 34.670 1
1 1979080102 8.883 134.917 7 1 1
2 0.0 29.200 1 33.910 1
2 10.0 29.010 1 33.910 1
2 19.0 28.980 1 33.910 1
2 29.0 28.980 1 33.910 1
2 49.0 28.980 1 33.930 1
2 75.0 28.360 1 34.220 1
2 100.0 26.520 1 34.470 1
2 124.0 22.700 1 34.560 1
2 151.0 19.740 1 34.810 1
2 206.0 13.190 1 34.720 1
2 251.0 10.260 1 34.470 1
2 294.0 9.400 1 34.360 1
2 394.0 0.000 9 34.360 1
2 500.0 0.000 9 34.410 1
2 601.0 0.000 9 34.380 1
2 802.0 0.000 9 34.400 1
2 996.0 0.000 9 34.430 1
2 1207.0 3.680 1 34.470 1
2 1500.0 0.000 9 34.510 1
1 1979080102 8.533 134.550 1 1 0
2 0.0 29.200 1 999.999 9
2 8.0 28.900 1 999.999 9
2 10.0 28.900 1 999.999 9
2 20.0 28.900 1 999.999 9
2 30.0 29.000 1 999.999 9
2 40.0 29.000 1 999.999 9
2 50.0 29.000 1 999.999 9
2 54.0 29.000 1 999.999 9
2 60.0 28.800 1 999.999 9
2 70.0 28.400 1 999.999 9
2 80.0 27.600 1 999.999 9
2 88.0 27.000 1 999.999 9
2 90.0 27.000 1 999.999 9
2 99.0 26.800 1 999.999 9
2 100.0 26.800 1 999.999 9
2 110.0 25.700 1 999.999 9
2 120.0 23.200 1 999.999 9
2 123.0 22.400 1 999.999 9
2 130.0 21.600 1 999.999 9
2 140.0 20.400 1 999.999 9
2 150.0 19.700 1 999.999 9
2 160.0 18.400 1 999.999 9
2 163.0 17.900 1 999.999 9
2 168.0 16.600 1 999.999 9
2 170.0 16.500 1 999.999 9
2 180.0 15.000 1 999.999 9
2 190.0 14.600 1 999.999 9
2 200.0 13.900 1 999.999 9
1 1979080106 8.883 134.917 7 1 1
2 0.0 29.380 1 33.780 1
2 10.0 28.920 1 33.780 1
2 20.0 28.880 1 33.780 1
2 30.0 28.850 1 33.780 1
2 50.0 28.940 1 33.840 1
2 75.0 28.090 1 34.270 1
2 99.0 26.740 1 34.400 1
2 125.0 22.570 1 34.630 1
2 151.0 19.620 1 34.740 1
2 205.0 16.510 1 34.790 1
2 252.0 10.440 1 34.780 1
2 307.0 9.100 1 34.560 1
2 411.0 7.960 1 34.380 1
2 500.0 7.330 1 34.410 1
2 602.0 6.790 1 34.450 1
2 802.0 5.500 1 34.490 1
2 993.0 4.660 1 34.520 1
2 1207.0 3.720 1 34.520 1
2 1513.0 2.940 1 34.560 1
1 1979080108 8.883 134.867 7 1 1
2 0.0 29.460 1 33.780 1
2 10.0 28.900 1 33.780 1
2 21.0 28.880 1 33.780 1
2 30.0 28.860 1 33.780 1
2 49.0 28.920 1 33.870 1
2 74.0 27.690 1 34.340 1
2 100.0 23.770 1 34.670 1
2 126.0 20.420 1 34.700 1
2 150.0 19.250 1 34.810 1
2 205.0 13.270 1 34.720 1
2 251.0 12.830 1 34.490 1
2 306.0 9.490 1 34.430 1
2 405.0 8.060 1 34.360 1
2 500.0 7.420 1 34.360 1
2 602.0 6.820 1 34.360 1
2 802.0 5.600 1 34.380 1
2 995.0 4.620 1 34.410 1
2 1207.0 3.770 1 34.450 1
2 1513.0 2.980 1 34.490 1
1 1979080108 8.550 134.467 1 1 0
2 0.0 29.100 1 999.999 9
2 10.0 29.100 1 999.999 9
2 20.0 29.000 1 999.999 9
2 30.0 29.000 1 999.999 9
2 40.0 28.900 1 999.999 9
2 50.0 29.000 1 999.999 9
2 57.0 29.000 1 999.999 9
2 60.0 28.900 1 999.999 9
2 70.0 28.400 1 999.999 9
2 80.0 27.600 1 999.999 9
2 87.0 26.300 1 999.999 9
2 90.0 25.800 1 999.999 9
2 100.0 24.900 1 999.999 9
2 110.0 23.700 1 999.999 9
2 120.0 22.500 1 999.999 9
2 130.0 21.400 1 999.999 9
2 131.0 21.100 1 999.999 9
2 140.0 19.400 1 999.999 9
2 150.0 17.400 1 999.999 9
2 160.0 15.900 1 999.999 9
2 170.0 15.300 1 999.999 9
2 180.0 14.500 1 999.999 9
2 190.0 13.600 1 999.999 9
2 195.0 13.400 1 999.999 9
2 200.0 13.300 1 999.999 9
1 1979080108 8.533 134.517 1 1 0
2 0.0 29.500 1 999.999 9
2 3.0 29.400 1 999.999 9
2 6.0 28.900 1 999.999 9
2 10.0 28.900 1 999.999 9
2 20.0 28.900 1 999.999 9
2 30.0 28.900 1 999.999 9
2 40.0 28.900 1 999.999 9
2 50.0 29.000 1 999.999 9
2 60.0 29.000 1 999.999 9
2 68.0 28.800 1 999.999 9
2 70.0 28.700 1 999.999 9
2 75.0 28.400 1 999.999 9
2 80.0 27.900 1 999.999 9
2 90.0 27.100 1 999.999 9
2 95.0 26.700 1 999.999 9
2 100.0 25.900 1 999.999 9
2 110.0 22.600 1 999.999 9
2 120.0 21.900 1 999.999 9
2 130.0 20.400 1 999.999 9
2 140.0 19.800 1 999.999 9
2 150.0 19.300 1 999.999 9
2 160.0 18.800 1 999.999 9
2 170.0 17.400 1 999.999 9
2 180.0 15.700 1 999.999 9
2 188.0 14.400 1 999.999 9
2 190.0 14.300 1 999.999 9
2 200.0 13.800 1 999.999 9
1 1979080109 8.800 130.883 E 0 1
2 0.0 999.999 9 35.170 1
1 1979080115 8.883 134.867 7 1 1
2 0.0 29.080 1 33.840 1
2 9.0 29.020 1 33.840 1
2 20.0 28.870 1 33.840 1
2 29.0 28.850 1 33.840 1
2 49.0 28.920 1 34.020 1
2 74.0 27.700 1 34.340 1
2 99.0 26.680 1 34.470 1
2 125.0 22.340 1 34.720 1
2 152.0 18.900 1 34.780 1
2 205.0 12.320 1 34.670 1
2 251.0 11.610 1 34.490 1
2 306.0 9.700 1 34.470 1
2 411.0 8.180 1 34.380 1
2 499.0 7.380 1 34.430 1
2 602.0 6.620 1 34.470 1
2 803.0 5.420 1 34.510 1
2 996.0 4.460 1 34.510 1
2 1207.0 3.620 1 34.470 1
2 1500.0 2.850 1 34.520 1
1 1979080115 8.533 134.517 1 1 0
2 0.0 29.100 1 999.999 9
2 10.0 28.900 1 999.999 9
2 20.0 28.900 1 999.999 9
2 30.0 28.900 1 999.999 9
2 40.0 28.900 1 999.999 9
2 50.0 29.000 1 999.999 9
2 60.0 28.900 1 999.999 9
2 63.0 28.800 1 999.999 9
2 70.0 28.300 1 999.999 9
2 80.0 27.600 1 999.999 9
2 90.0 26.800 1 999.999 9
2 97.0 26.100 1 999.999 9
2 100.0 25.800 1 999.999 9
2 110.0 24.700 1 999.999 9
2 117.0 22.900 1 999.999 9
2 120.0 22.600 1 999.999 9
2 130.0 21.600 1 999.999 9
2 135.0 21.100 1 999.999 9
2 140.0 20.700 1 999.999 9
2 150.0 19.700 1 999.999 9
2 160.0 18.200 1 999.999 9
2 164.0 17.600 1 999.999 9
2 170.0 16.800 1 999.999 9
2 179.0 14.700 1 999.999 9
2 180.0 14.600 1 999.999 9
2 189.0 14.000 1 999.999 9
2 190.0 13.800 1 999.999 9
2 194.0 13.400 1 999.999 9
2 200.0 12.900 1 999.999 9
1 1979080117 8.883 134.867 7 1 1
2 0.0 29.020 1 33.820 1
2 10.0 28.960 1 33.820 1
2 19.0 28.900 1 33.820 1
2 30.0 28.860 1 33.820 1
2 50.0 28.850 1 33.840 1
2 75.0 28.100 1 34.270 1
2 99.0 25.450 1 34.540 1
2 124.0 21.170 1 34.650 1
2 150.0 18.170 1 34.740 1
2 206.0 12.670 1 34.690 1
2 251.0 12.100 1 34.450 1
2 306.0 9.720 1 34.430 1
2 397.0 8.140 1 34.380 1
2 499.0 7.260 1 34.430 1
2 602.0 6.340 1 34.470 1
2 802.0 5.320 1 34.510 1
2 996.0 4.580 1 34.520 1
2 1207.0 3.690 1 34.520 1
2 1500.0 2.940 1 34.540 1
1 1979080117 9.233 134.500 1 1 0
2 0.0 28.700 1 999.999 9
2 10.0 28.800 1 999.999 9
2 20.0 28.800 1 999.999 9
2 30.0 28.800 1 999.999 9
2 40.0 28.800 1 999.999 9
2 50.0 28.800 1 999.999 9
2 56.0 28.800 1 999.999 9
2 60.0 28.700 1 999.999 9
2 70.0 28.600 1 999.999 9
2 72.0 28.500 1 999.999 9
2 80.0 28.300 1 999.999 9
2 90.0 27.900 1 999.999 9
2 93.0 27.800 1 999.999 9
2 100.0 27.200 1 999.999 9
2 110.0 25.000 1 999.999 9
2 120.0 22.600 1 999.999 9
2 130.0 19.800 1 999.999 9
2 138.0 18.000 1 999.999 9
2 140.0 17.900 1 999.999 9
2 149.0 17.400 1 999.999 9
2 150.0 17.200 1 999.999 9
2 155.0 16.700 1 999.999 9
2 160.0 16.400 1 999.999 9
2 163.0 16.400 1 999.999 9
2 170.0 15.700 1 999.999 9
2 171.0 15.500 1 999.999 9
2 180.0 14.900 1 999.999 9
2 190.0 14.200 1 999.999 9
2 200.0 13.500 1 999.999 9
1 1979080120 8.883 134.867 7 1 1
2 0.0 28.990 1 33.950 1
2 10.0 28.960 1 33.950 1
2 20.0 28.950 1 33.950 1
2 30.0 28.860 1 33.950 1
2 50.0 28.980 1 33.980 1
2 75.0 28.090 1 34.340 1
2 99.0 25.690 1 34.610 1
2 125.0 22.650 1 34.790 1
2 151.0 18.620 1 34.850 1
2 194.0 13.240 1 34.720 1
2 252.0 10.820 1 34.610 1
2 306.0 9.290 1 34.600 1
2 411.0 8.060 1 34.560 1
2 500.0 7.340 1 34.560 1
2 602.0 6.730 1 34.540 1
2 803.0 5.540 1 34.560 1
2 996.0 4.550 1 34.560 1
2 1207.0 3.640 1 34.600 1
2 1513.0 2.850 1 34.610 1
1 1979080120 8.533 134.517 1 1 0
2 0.0 29.000 1 999.999 9
2 10.0 29.000 1 999.999 9
2 20.0 29.000 1 999.999 9
2 30.0 29.000 1 999.999 9
2 33.0 28.900 1 999.999 9
2 35.0 29.000 1 999.999 9
2 40.0 29.000 1 999.999 9
2 50.0 28.900 1 999.999 9
2 55.0 28.700 1 999.999 9
2 60.0 28.200 1 999.999 9
2 67.0 27.800 1 999.999 9
2 70.0 27.700 1 999.999 9
2 72.0 27.600 1 999.999 9
2 80.0 27.000 1 999.999 9
2 90.0 25.000 1 999.999 9
2 100.0 25.300 1 999.999 9
2 110.0 24.700 1 999.999 9
2 112.0 24.000 1 999.999 9
2 116.0 22.900 1 999.999 9
2 120.0 22.600 1 999.999 9
2 130.0 21.600 1 999.999 9
2 140.0 20.300 1 999.999 9
2 147.0 19.200 1 999.999 9
2 150.0 18.400 1 999.999 9
2 155.0 18.000 1 999.999 9
2 160.0 16.800 1 999.999 9
2 170.0 15.100 1 999.999 9
2 180.0 14.500 1 999.999 9
2 185.0 14.300 1 999.999 9
2 190.0 13.800 1 999.999 9
2 200.0 13.000 1 999.999 9
1 1979080121 3.267 130.000 E 0 1
2 0.0 999.999 9 34.690 1
1 1979080123 8.917 134.767 7 1 1
2 0.0 29.000 1 33.950 1
2 10.0 28.980 1 33.950 1
2 20.0 28.960 1 33.950 1
2 30.0 28.930 1 33.950 1
2 49.0 28.870 1 33.960 1
2 75.0 28.800 1 34.110 1
2 97.0 26.260 1 34.510 1
2 124.0 22.600 1 34.780 1
2 150.0 18.220 1 34.810 1
2 206.0 12.910 1 34.650 1
2 252.0 11.440 1 34.580 1
2 306.0 9.340 1 34.490 1
2 411.0 8.030 1 34.560 1
2 500.0 7.360 1 34.490 1
2 602.0 6.710 1 34.520 1
2 803.0 5.400 1 34.560 1
2 996.0 4.400 1 34.580 1
2 1207.0 3.560 1 34.600 1
2 1513.0 2.820 1 34.610 1
1 1979080202 8.883 134.767 7 1 1
2 0.0 29.100 1 33.950 1
2 10.0 29.080 1 33.950 1
2 20.0 29.000 1 33.930 1
2 30.0 28.960 1 33.950 1
2 49.0 28.870 1 33.950 1
2 76.0 28.860 1 34.110 1
2 100.0 26.900 1 34.490 1
2 124.0 22.250 1 34.780 1
2 151.0 17.700 1 34.900 1
2 206.0 12.420 1 34.610 1
2 252.0 10.960 1 34.560 1
2 306.0 9.460 1 34.490 1
2 410.0 7.930 1 34.560 1
2 500.0 7.140 1 34.540 1
2 588.0 6.650 1 34.560 1
2 802.0 5.540 1 34.580 1
2 996.0 4.520 1 34.580 1
2 1205.0 3.680 1 34.630 1
2 1500.0 2.900 1 34.690 1
1 1979080202 8.550 134.450 1 1 0
2 0.0 29.100 1 999.999 9
2 10.0 29.100 1 999.999 9
2 20.0 29.100 1 999.999 9
2 30.0 29.000 1 999.999 9
2 40.0 29.000 1 999.999 9
2 50.0 28.900 1 999.999 9
2 60.0 29.000 1 999.999 9
2 70.0 29.000 1 999.999 9
2 78.0 29.000 1 999.999 9
2 80.0 28.800 1 999.999 9
2 90.0 28.400 1 999.999 9
2 97.0 28.000 1 999.999 9
2 100.0 27.600 1 999.999 9
2 107.0 25.700 1 999.999 9
2 110.0 25.400 1 999.999 9
2 113.0 25.000 1 999.999 9
2 119.0 23.000 1 999.999 9
2 120.0 22.800 1 999.999 9
2 130.0 20.400 1 999.999 9
2 140.0 18.500 1 999.999 9
2 141.0 18.300 1 999.999 9
2 150.0 16.900 1 999.999 9
2 160.0 16.000 1 999.999 9
2 170.0 15.200 1 999.999 9
2 175.0 14.600 1 999.999 9
2 180.0 14.400 1 999.999 9
2 185.0 14.100 1 999.999 9
2 190.0 13.400 1 999.999 9
2 192.0 13.200 1 999.999 9
2 200.0 13.000 1 999.999 9
1 1979080202 8.533 134.467 1 1 0
2 0.0 29.100 1 999.999 9
2 10.0 29.100 1 999.999 9
2 20.0 29.000 1 999.999 9
2 30.0 29.000 1 999.999 9
2 40.0 29.000 1 999.999 9
2 50.0 28.900 1 999.999 9
2 60.0 29.000 1 999.999 9
2 70.0 29.000 1 999.999 9
2 80.0 29.000 1 999.999 9
2 83.0 28.900 1 999.999 9
2 90.0 28.600 1 999.999 9
2 100.0 27.800 1 999.999 9
2 101.0 27.800 1 999.999 9
2 110.0 25.700 1 999.999 9
2 120.0 22.600 1 999.999 9
2 124.0 20.400 1 999.999 9
2 130.0 19.400 1 999.999 9
2 134.0 18.400 1 999.999 9
2 140.0 18.000 1 999.999 9
2 143.0 17.600 1 999.999 9
2 148.0 16.700 1 999.999 9
2 150.0 16.600 1 999.999 9
2 160.0 15.700 1 999.999 9
2 170.0 14.800 1 999.999 9
2 175.0 14.500 1 999.999 9
2 180.0 14.400 1 999.999 9
2 187.0 14.200 1 999.999 9
2 190.0 14.000 1 999.999 9
2 200.0 13.200 1 999.999 9
1 1979080205 8.917 134.767 7 1 1
2 0.0 29.130 1 33.950 1
2 10.0 29.090 1 33.950 1
2 20.0 29.000 1 33.950 1
2 28.0 28.970 1 33.950 1
2 48.0 28.900 1 33.950 1
2 75.0 28.790 1 34.110 1
2 98.0 26.860 1 34.250 1
2 125.0 22.460 1 34.650 1
2 150.0 18.130 1 34.970 1
2 195.0 13.130 1 34.740 1
2 252.0 12.200 1 34.600 1
2 306.0 9.650 1 34.540 1
2 411.0 8.050 1 34.540 1
2 500.0 7.380 1 34.560 1
2 602.0 6.620 1 34.580 1
2 802.0 5.540 1 34.600 1
2 996.0 4.640 1 34.630 1
2 1207.0 3.820 1 34.630 1
2 1500.0 2.920 1 34.690 1
1 1979080208 8.917 134.767 7 1 1
2 0.0 29.060 1 33.910 1
2 10.0 29.030 1 33.960 1
2 19.0 29.020 1 33.960 1
2 30.0 28.900 1 34.020 1
2 49.0 28.900 1 34.020 1
2 77.0 27.560 1 34.020 1
2 99.0 24.830 1 34.470 1
2 125.0 22.140 1 34.720 1
2 151.0 17.940 1 34.810 1
2 193.0 13.440 1 34.780 1
2 251.0 11.710 1 34.610 1
2 306.0 9.670 1 34.520 1
2 411.0 8.420 1 34.520 1
2 499.0 7.600 1 34.510 1
2 602.0 6.740 1 34.580 1
2 802.0 5.580 1 34.580 1
2 996.0 4.710 1 34.600 1
2 1207.0 3.840 1 34.610 1
2 1513.0 2.900 1 34.610 1
1 1979080211 8.917 134.800 7 1 1
2 0.0 28.980 1 33.980 1
2 10.0 28.950 1 33.960 1
2 20.0 28.940 1 33.960 1
2 30.0 28.900 1 33.960 1
2 49.0 28.940 1 34.140 1
2 75.0 27.970 1 34.430 1
2 100.0 25.370 1 34.700 1
2 126.0 21.910 1 34.810 1
2 152.0 17.560 1 34.850 1
2 206.0 11.840 1 34.740 1
2 252.0 11.220 1 34.610 1
2 306.0 9.790 1 34.650 1
2 411.0 8.210 1 34.520 1
2 500.0 7.620 1 34.510 1
2 603.0 6.730 1 34.520 1
2 803.0 5.540 1 34.560 1
2 996.0 4.630 1 34.560 1
2 1207.0 3.770 1 34.580 1
2 1513.0 2.860 1 34.600 1
1 1979080211 8.550 134.467 1 1 0
2 0.0 29.000 1 999.999 9
2 10.0 29.000 1 999.999 9
2 20.0 29.000 1 999.999 9
2 30.0 28.900 1 999.999 9
2 40.0 28.900 1 999.999 9
2 50.0 29.000 1 999.999 9
2 60.0 28.700 1 999.999 9
2 63.0 28.700 1 999.999 9
2 70.0 28.500 1 999.999 9
2 80.0 27.800 1 999.999 9
2 90.0 26.200 1 999.999 9
2 100.0 25.400 1 999.999 9
2 110.0 23.900 1 999.999 9
2 120.0 22.400 1 999.999 9
2 125.0 22.300 1 999.999 9
2 130.0 21.600 1 999.999 9
2 140.0 19.200 1 999.999 9
2 150.0 17.400 1 999.999 9
2 160.0 15.400 1 999.999 9
2 166.0 14.500 1 999.999 9
2 170.0 14.300 1 999.999 9
2 180.0 13.100 1 999.999 9
2 190.0 12.400 1 999.999 9
2 200.0 12.100 1 999.999 9
1 1979080217 9.383 134.817 7 1 1
2 0.0 28.710 1 33.980 1
2 9.0 28.690 1 33.980 1
2 19.0 28.820 1 34.050 1
2 30.0 28.820 1 34.140 1
2 52.0 28.790 1 34.250 1
2 78.0 28.370 1 34.320 1
2 102.0 26.860 1 34.650 1
2 129.0 22.040 1 34.940 1
2 154.0 17.140 1 34.740 1
2 206.0 12.580 1 34.740 1
2 252.0 11.460 1 34.690 1
2 322.0 9.270 1 34.610 1
2 431.0 7.900 1 34.610 1
2 500.0 7.300 1 34.540 1
2 588.0 6.780 1 34.600 1
2 790.0 5.580 1 34.630 1
2 996.0 4.780 1 34.600 1
2 1206.0 3.800 1 34.630 1
2 1513.0 2.940 1 34.650 1
1 1979101007 6.583 138.217 2 1 0
2 0.0 28.770 1 999.999 9
2 55.0 28.740 1 999.999 9
2 59.0 28.530 1 999.999 9
2 80.0 25.960 1 999.999 9
2 115.0 22.820 1 999.999 9
2 120.0 21.780 1 999.999 9
2 132.0 20.990 1 999.999 9
2 139.0 20.230 1 999.999 9
2 157.0 17.590 1 999.999 9
2 164.0 15.610 1 999.999 9
2 168.0 14.720 1 999.999 9
2 178.0 13.380 1 999.999 9
2 189.0 12.330 1 999.999 9
2 205.0 11.250 1 999.999 9
2 210.0 10.770 1 999.999 9
2 218.0 10.360 1 999.999 9
2 261.0 9.180 1 999.999 9
2 327.0 8.600 1 999.999 9
2 374.0 8.340 1 999.999 9
2 395.0 7.990 1 999.999 9
2 429.0 7.700 1 999.999 9
2 515.0 7.340 1 999.999 9
1 1979101913 0.400 136.767 2 1 0
2 0.0 30.090 1 999.999 9
2 4.0 30.090 1 999.999 9
2 7.0 30.090 1 999.999 9
2 10.0 29.900 1 999.999 9
2 13.0 29.790 1 999.999 9
2 17.0 29.790 1 999.999 9
2 20.0 29.700 1 999.999 9
2 23.0 29.700 1 999.999 9
2 26.0 29.590 1 999.999 9
2 30.0 29.500 1 999.999 9
2 33.0 29.400 1 999.999 9
2 36.0 29.400 1 999.999 9
2 39.0 29.400 1 999.999 9
2 42.0 29.400 1 999.999 9
2 46.0 29.400 1 999.999 9
2 49.0 29.400 1 999.999 9
2 52.0 29.290 1 999.999 9
2 55.0 29.290 1 999.999 9
2 59.0 29.200 1 999.999 9
2 62.0 29.200 1 999.999 9
2 65.0 29.090 1 999.999 9
2 68.0 29.090 1 999.999 9
2 71.0 29.090 1 999.999 9
2 75.0 29.000 1 999.999 9
2 78.0 29.000 1 999.999 9
2 81.0 28.790 1 999.999 9
2 84.0 28.590 1 999.999 9
2 87.0 28.000 1 999.999 9
2 91.0 27.590 1 999.999 9
2 94.0 27.290 1 999.999 9
2 97.0 26.500 1 999.999 9
2 100.0 26.290 1 999.999 9
2 103.0 26.090 1 999.999 9
2 107.0 26.000 1 999.999 9
2 110.0 25.900 1 999.999 9
2 113.0 25.590 1 999.999 9
2 116.0 25.290 1 999.999 9
2 119.0 25.200 1 999.999 9
2 123.0 24.790 1 999.999 9
2 126.0 24.700 1 999.999 9
2 129.0 24.900 1 999.999 9
2 132.0 23.090 1 999.999 9
2 135.0 22.290 1 999.999 9
2 139.0 21.900 1 999.999 9
2 142.0 21.400 1 999.999 9
2 145.0 20.700 1 999.999 9
2 148.0 20.500 1 999.999 9
2 151.0 20.500 1 999.999 9
2 155.0 20.500 1 999.999 9
2 158.0 20.400 1 999.999 9
2 161.0 20.400 1 999.999 9
2 164.0 20.290 1 999.999 9
2 167.0 20.290 1 999.999 9
2 170.0 20.200 1 999.999 9
2 174.0 20.200 1 999.999 9
2 177.0 20.090 1 999.999 9
2 180.0 19.700 1 999.999 9
2 183.0 19.400 1 999.999 9
2 186.0 19.400 1 999.999 9
2 190.0 19.400 1 999.999 9
2 193.0 19.000 1 999.999 9
2 196.0 18.500 1 999.999 9
2 199.0 18.000 1 999.999 9
2 202.0 17.500 1 999.999 9
2 205.0 16.290 1 999.999 9
2 209.0 16.090 1 999.999 9
2 212.0 15.890 1 999.999 9
2 215.0 15.600 1 999.999 9
2 218.0 15.200 1 999.999 9
2 221.0 14.890 1 999.999 9
2 224.0 14.790 1 999.999 9
2 228.0 14.790 1 999.999 9
2 231.0 14.600 1 999.999 9
2 234.0 14.390 1 999.999 9
2 237.0 14.200 1 999.999 9
2 240.0 14.200 1 999.999 9
2 243.0 14.100 1 999.999 9
2 246.0 13.790 1 999.999 9
2 250.0 13.700 1 999.999 9
2 253.0 13.700 1 999.999 9
2 256.0 13.000 1 999.999 9
2 259.0 12.890 1 999.999 9
2 262.0 12.790 1 999.999 9
2 265.0 12.790 1 999.999 9
2 268.0 12.700 1 999.999 9
2 272.0 12.700 1 999.999 9
2 275.0 12.600 1 999.999 9
2 278.0 12.600 1 999.999 9
2 281.0 12.500 1 999.999 9
2 284.0 12.500 1 999.999 9
2 287.0 12.390 1 999.999 9
2 290.0 12.290 1 999.999 9
2 294.0 12.290 1 999.999 9
2 297.0 12.100 1 999.999 9
2 300.0 12.000 1 999.999 9
2 303.0 11.890 1 999.999 9
2 306.0 11.790 1 999.999 9
2 309.0 11.600 1 999.999 9
2 312.0 11.500 1 999.999 9
2 316.0 11.500 1 999.999 9
2 319.0 11.500 1 999.999 9
2 322.0 11.500 1 999.999 9
2 325.0 11.290 1 999.999 9
2 328.0 11.200 1 999.999 9
2 331.0 11.100 1 999.999 9
2 334.0 11.000 1 999.999 9
2 337.0 10.890 1 999.999 9
2 341.0 10.790 1 999.999 9
2 344.0 10.700 1 999.999 9
2 347.0 10.500 1 999.999 9
2 350.0 10.390 1 999.999 9
2 353.0 10.390 1 999.999 9
2 356.0 10.390 1 999.999 9
2 359.0 10.290 1 999.999 9
2 362.0 10.290 1 999.999 9
2 365.0 10.290 1 999.999 9
2 369.0 10.290 1 999.999 9
2 372.0 10.290 1 999.999 9
2 375.0 10.290 1 999.999 9
2 378.0 10.290 1 999.999 9
2 381.0 10.290 1 999.999 9
2 384.0 10.290 1 999.999 9
2 387.0 10.200 1 999.999 9
2 390.0 10.100 1 999.999 9
2 393.0 10.000 1 999.999 9
2 397.0 9.890 1 999.999 9
2 400.0 9.790 1 999.999 9
2 403.0 9.700 1 999.999 9
2 406.0 9.600 1 999.999 9
2 409.0 9.500 1 999.999 9
2 412.0 9.390 1 999.999 9
2 415.0 9.100 1 999.999 9
2 418.0 9.000 1 999.999 9
2 421.0 8.890 1 999.999 9
2 424.0 8.790 1 999.999 9
2 427.0 8.790 1 999.999 9
2 431.0 8.700 1 999.999 9
2 434.0 8.700 1 999.999 9
2 437.0 8.600 1 999.999 9
2 440.0 8.600 1 999.999 9
2 443.0 8.500 1 999.999 9
2 446.0 8.390 1 999.999 9
2 449.0 8.390 1 999.999 9
2 452.0 8.290 1 999.999 9
2 455.0 8.200 1 999.999 9
2 458.0 8.100 1 999.999 9
2 461.0 8.100 1 999.999 9
1 1979102002 0.917 133.967 2 1 0
2 0.0 29.090 1 999.999 9
2 4.0 29.090 1 999.999 9
2 7.0 29.500 1 999.999 9
2 10.0 29.500 1 999.999 9
2 13.0 29.590 1 999.999 9
2 17.0 29.290 1 999.999 9
2 20.0 29.090 1 999.999 9
2 23.0 29.090 1 999.999 9
2 26.0 29.090 1 999.999 9
2 30.0 29.090 1 999.999 9
2 33.0 29.000 1 999.999 9
2 36.0 29.000 1 999.999 9
2 39.0 29.000 1 999.999 9
2 42.0 29.000 1 999.999 9
2 46.0 29.000 1 999.999 9
2 49.0 29.000 1 999.999 9
2 52.0 29.000 1 999.999 9
2 55.0 29.000 1 999.999 9
2 59.0 29.000 1 999.999 9
2 62.0 29.000 1 999.999 9
2 65.0 29.000 1 999.999 9
2 68.0 28.900 1 999.999 9
2 71.0 28.700 1 999.999 9
2 75.0 28.590 1 999.999 9
2 78.0 28.400 1 999.999 9
2 81.0 28.290 1 999.999 9
2 84.0 28.200 1 999.999 9
2 87.0 28.200 1 999.999 9
2 91.0 28.000 1 999.999 9
2 94.0 27.790 1 999.999 9
2 97.0 27.590 1 999.999 9
2 100.0 27.400 1 999.999 9
2 103.0 27.200 1 999.999 9
2 107.0 26.000 1 999.999 9
2 110.0 25.000 1 999.999 9
2 113.0 24.590 1 999.999 9
2 116.0 24.000 1 999.999 9
2 119.0 23.590 1 999.999 9
2 123.0 23.000 1 999.999 9
2 126.0 22.700 1 999.999 9
2 129.0 22.500 1 999.999 9
2 132.0 22.290 1 999.999 9
2 135.0 21.700 1 999.999 9
2 139.0 20.790 1 999.999 9
2 142.0 20.590 1 999.999 9
2 145.0 20.290 1 999.999 9
2 148.0 20.090 1 999.999 9
2 151.0 19.790 1 999.999 9
2 155.0 19.790 1 999.999 9
2 158.0 19.700 1 999.999 9
2 161.0 19.700 1 999.999 9
2 164.0 19.400 1 999.999 9
2 167.0 19.200 1 999.999 9
2 170.0 18.900 1 999.999 9
2 174.0 18.590 1 999.999 9
2 177.0 18.590 1 999.999 9
2 180.0 18.500 1 999.999 9
2 183.0 18.400 1 999.999 9
2 186.0 18.290 1 999.999 9
2 190.0 18.090 1 999.999 9
2 193.0 18.000 1 999.999 9
2 196.0 17.700 1 999.999 9
2 199.0 17.090 1 999.999 9
2 202.0 16.290 1 999.999 9
2 205.0 16.200 1 999.999 9
2 209.0 16.200 1 999.999 9
2 212.0 16.090 1 999.999 9
2 215.0 16.090 1 999.999 9
2 218.0 16.090 1 999.999 9
2 221.0 16.090 1 999.999 9
2 224.0 16.090 1 999.999 9
2 228.0 16.090 1 999.999 9
2 231.0 16.000 1 999.999 9
2 234.0 16.000 1 999.999 9
2 237.0 15.890 1 999.999 9
2 240.0 15.600 1 999.999 9
2 243.0 15.600 1 999.999 9
2 246.0 15.600 1 999.999 9
2 250.0 15.600 1 999.999 9
2 253.0 15.500 1 999.999 9
2 256.0 15.390 1 999.999 9
2 259.0 15.290 1 999.999 9
2 262.0 14.600 1 999.999 9
2 265.0 14.100 1 999.999 9
2 268.0 13.700 1 999.999 9
2 272.0 13.500 1 999.999 9
2 275.0 13.390 1 999.999 9
2 278.0 13.290 1 999.999 9
2 281.0 13.290 1 999.999 9
2 284.0 13.200 1 999.999 9
2 287.0 13.200 1 999.999 9
2 290.0 13.100 1 999.999 9
2 294.0 13.000 1 999.999 9
2 297.0 13.000 1 999.999 9
2 300.0 12.790 1 999.999 9
2 303.0 12.700 1 999.999 9
2 306.0 12.700 1 999.999 9
2 309.0 12.700 1 999.999 9
2 312.0 12.700 1 999.999 9
2 316.0 12.700 1 999.999 9
2 319.0 12.600 1 999.999 9
2 322.0 12.600 1 999.999 9
2 325.0 12.600 1 999.999 9
2 328.0 12.500 1 999.999 9
2 331.0 12.290 1 999.999 9
2 334.0 12.200 1 999.999 9
2 337.0 12.100 1 999.999 9
2 341.0 11.890 1 999.999 9
2 344.0 11.700 1 999.999 9
2 347.0 11.390 1 999.999 9
2 350.0 11.290 1 999.999 9
2 353.0 11.200 1 999.999 9
2 356.0 11.200 1 999.999 9
2 359.0 11.100 1 999.999 9
2 362.0 10.700 1 999.999 9
2 365.0 10.500 1 999.999 9
2 369.0 10.390 1 999.999 9
2 372.0 10.200 1 999.999 9
2 375.0 9.790 1 999.999 9
2 378.0 9.600 1 999.999 9
2 381.0 9.500 1 999.999 9
2 384.0 9.500 1 999.999 9
2 387.0 9.500 1 999.999 9
2 390.0 9.390 1 999.999 9
2 393.0 9.390 1 999.999 9
2 397.0 9.390 1 999.999 9
2 400.0 9.390 1 999.999 9
2 403.0 9.390 1 999.999 9
2 406.0 9.390 1 999.999 9
2 409.0 9.390 1 999.999 9
2 412.0 9.390 1 999.999 9
2 415.0 9.390 1 999.999 9
2 418.0 9.390 1 999.999 9
2 421.0 9.390 1 999.999 9
2 424.0 9.390 1 999.999 9
2 427.0 9.390 1 999.999 9
2 431.0 9.390 1 999.999 9
2 434.0 9.390 1 999.999 9
2 437.0 9.390 1 999.999 9
2 440.0 9.290 1 999.999 9
2 443.0 9.290 1 999.999 9
2 446.0 9.200 1 999.999 9
2 449.0 9.100 1 999.999 9
2 452.0 9.000 1 999.999 9
2 455.0 8.890 1 999.999 9
2 458.0 8.890 1 999.999 9
2 461.0 8.790 1 999.999 9
1 1979111011 9.933 135.000 7 1 1
2 0.0 28.820 1 34.280 1
2 11.0 28.540 1 34.316 1
2 20.0 28.360 1 34.341 1
2 29.0 28.330 1 34.345 1
2 51.0 28.180 1 34.406 1
2 75.0 27.580 1 34.598 1
2 101.0 23.340 1 35.062 1
2 126.0 20.890 1 35.060 1
2 150.0 18.740 1 34.862 1
2 199.0 14.990 1 34.622 1
2 252.0 11.500 1 34.458 1
2 307.0 9.880 1 34.475 1
2 411.0 7.380 1 34.415 1
2 500.0 6.660 1 34.471 1
2 602.0 5.840 1 34.485 1
2 803.0 5.090 1 34.540 1
2 996.0 4.220 1 34.551 1
2 1207.0 3.530 1 34.579 1
2 1500.0 2.760 1 34.595 1
1 1979111011 9.933 135.000 1 1 0
2 10.0 28.800 1 999.999 9
2 15.0 28.500 1 999.999 9
2 20.0 28.500 1 999.999 9
2 30.0 28.400 1 999.999 9
2 40.0 28.400 1 999.999 9
2 50.0 28.400 1 999.999 9
2 55.0 28.300 1 999.999 9
2 60.0 28.100 1 999.999 9
2 70.0 27.800 1 999.999 9
2 73.0 27.800 1 999.999 9
2 80.0 27.200 1 999.999 9
2 81.0 27.100 1 999.999 9
2 90.0 24.400 1 999.999 9
2 94.0 23.700 1 999.999 9
2 100.0 23.300 1 999.999 9
2 106.0 22.700 1 999.999 9
2 110.0 22.000 1 999.999 9
2 115.0 21.700 1 999.999 9
2 120.0 21.500 1 999.999 9
2 130.0 20.200 1 999.999 9
2 140.0 19.500 1 999.999 9
2 150.0 18.100 1 999.999 9
2 160.0 17.200 1 999.999 9
2 170.0 16.600 1 999.999 9
2 180.0 16.100 1 999.999 9
2 190.0 14.800 1 999.999 9
2 195.0 14.700 1 999.999 9
2 200.0 14.300 1 999.999 9
1 1979111017 9.933 134.883 7 1 1
2 0.0 28.550 1 34.283 1
2 10.0 28.530 1 34.324 1
2 20.0 28.420 1 34.330 1
2 30.0 28.340 1 34.345 1
2 49.0 28.160 1 34.435 1
2 75.0 27.380 1 34.632 1
2 100.0 24.630 1 34.985 1
2 125.0 21.970 1 35.075 1
2 150.0 20.780 1 34.991 1
2 200.0 15.410 1 34.680 1
2 252.0 11.410 1 34.478 1
2 306.0 9.330 1 34.469 1
2 411.0 7.160 1 34.434 1
2 500.0 6.650 1 34.465 1
2 602.0 6.340 1 34.518 1
2 803.0 5.220 1 34.504 1
2 996.0 4.360 1 34.430 1
2 1207.0 3.550 1 34.578 1
2 1500.0 2.810 1 34.597 1
1 1979111017 9.933 134.883 1 1 0
2 0.0 28.600 1 999.999 9
2 10.0 28.500 1 999.999 9
2 20.0 28.400 1 999.999 9
2 30.0 28.400 1 999.999 9
2 40.0 28.200 1 999.999 9
2 50.0 27.900 1 999.999 9
2 60.0 27.300 1 999.999 9
2 70.0 26.400 1 999.999 9
2 75.0 25.900 1 999.999 9
2 80.0 25.300 1 999.999 9
2 85.0 24.400 1 999.999 9
2 90.0 24.300 1 999.999 9
2 100.0 23.300 1 999.999 9
2 110.0 22.500 1 999.999 9
2 120.0 21.700 1 999.999 9
2 130.0 21.100 1 999.999 9
2 140.0 20.500 1 999.999 9
2 150.0 19.800 1 999.999 9
2 155.0 19.200 1 999.999 9
2 160.0 18.600 1 999.999 9
2 164.0 18.300 1 999.999 9
2 166.0 18.300 1 999.999 9
2 170.0 17.200 1 999.999 9
2 180.0 16.600 1 999.999 9
2 185.0 16.100 1 999.999 9
2 190.0 15.400 1 999.999 9
2 195.0 15.000 1 999.999 9
2 200.0 14.200 1 999.999 9
1 1979111023 9.967 134.967 7 1 1
2 0.0 28.550 1 34.274 1
2 10.0 28.510 1 34.275 1
2 20.0 28.390 1 34.321 1
2 30.0 28.360 1 34.320 1
2 50.0 27.980 1 34.544 1
2 75.0 27.680 1 34.588 1
2 100.0 24.380 1 35.039 1
2 125.0 22.660 1 35.138 1
2 150.0 20.180 1 35.030 1
2 201.0 12.710 1 34.525 1
2 251.0 10.640 1 34.461 1
2 307.0 9.100 1 34.540 1
2 411.0 6.940 1 34.437 1
2 500.0 6.760 1 34.509 1
2 602.0 6.370 1 34.547 1
2 803.0 5.320 1 34.557 1
2 996.0 4.520 1 34.566 1
2 1207.0 3.600 1 34.593 1
2 1500.0 2.900 1 34.610 1
1 1979111023 9.967 134.967 1 1 0
2 0.0 28.600 1 999.999 9
2 10.0 28.500 1 999.999 9
2 20.0 28.400 1 999.999 9
2 30.0 28.400 1 999.999 9
2 35.0 28.400 1 999.999 9
2 40.0 28.200 1 999.999 9
2 45.0 28.100 1 999.999 9
2 50.0 28.100 1 999.999 9
2 60.0 28.000 1 999.999 9
2 67.0 28.000 1 999.999 9
2 70.0 27.700 1 999.999 9
2 72.0 27.500 1 999.999 9
2 77.0 26.900 1 999.999 9
2 80.0 25.700 1 999.999 9
2 82.0 25.700 1 999.999 9
2 90.0 25.400 1 999.999 9
2 95.0 25.000 1 999.999 9
2 100.0 24.400 1 999.999 9
2 110.0 23.700 1 999.999 9
2 120.0 22.300 1 999.999 9
2 130.0 21.200 1 999.999 9
2 140.0 20.300 1 999.999 9
2 150.0 19.400 1 999.999 9
2 160.0 18.100 1 999.999 9
2 170.0 16.800 1 999.999 9
2 175.0 16.200 1 999.999 9
2 180.0 16.000 1 999.999 9
2 183.0 15.900 1 999.999 9
2 190.0 14.700 1 999.999 9
2 200.0 12.900 1 999.999 9
1 1979111105 9.917 134.917 1 1 0
2 0.0 29.000 1 999.999 9
2 10.0 28.600 1 999.999 9
2 20.0 28.500 1 999.999 9
2 30.0 28.500 1 999.999 9
2 40.0 28.200 1 999.999 9
2 50.0 28.100 1 999.999 9
2 60.0 28.100 1 999.999 9
2 70.0 27.900 1 999.999 9
2 80.0 26.900 1 999.999 9
2 90.0 26.200 1 999.999 9
2 93.0 25.600 1 999.999 9
2 95.0 24.900 1 999.999 9
2 100.0 24.800 1 999.999 9
2 110.0 24.200 1 999.999 9
2 120.0 24.100 1 999.999 9
2 124.0 23.300 1 999.999 9
2 130.0 22.300 1 999.999 9
2 133.0 21.500 1 999.999 9
2 137.0 21.100 1 999.999 9
2 140.0 20.600 1 999.999 9
2 145.0 19.500 1 999.999 9
2 150.0 19.200 1 999.999 9
2 160.0 18.500 1 999.999 9
2 165.0 17.800 1 999.999 9
2 170.0 16.800 1 999.999 9
2 175.0 15.900 1 999.999 9
2 180.0 15.200 1 999.999 9
2 185.0 14.000 1 999.999 9
2 190.0 13.300 1 999.999 9
2 200.0 12.500 1 999.999 9
1 1979111106 9.917 134.917 7 1 1
2 0.0 28.680 1 34.295 1
2 10.0 28.540 1 34.322 1
2 20.0 28.420 1 34.355 1
2 30.0 28.380 1 34.367 1
2 49.0 28.040 1 34.524 1
2 74.0 27.830 1 34.574 1
2 99.0 24.710 1 35.074 1
2 125.0 22.700 1 35.182 1
2 150.0 20.140 1 35.078 1
2 201.0 13.780 1 34.607 1
2 251.0 10.120 1 34.430 1
2 306.0 9.300 1 34.564 1
2 411.0 7.060 1 34.559 1
2 500.0 6.610 1 34.556 1
2 602.0 5.800 1 34.521 1
2 803.0 5.200 1 34.590 1
2 996.0 4.140 1 34.606 1
2 1207.0 3.460 1 34.634 1
2 1500.0 2.780 1 34.654 1
1 1979111111 8.933 134.917 7 1 1
2 0.0 28.830 1 33.963 1
2 10.0 28.770 1 33.942 1
2 20.0 28.700 1 33.937 1
2 30.0 28.580 1 34.095 1
2 49.0 28.180 1 34.317 1
2 75.0 26.370 1 34.811 1
2 100.0 23.140 1 35.062 1
2 125.0 20.660 1 34.882 1
2 151.0 18.850 1 34.795 1
2 201.0 14.910 1 34.631 1
2 252.0 11.210 1 34.487 1
2 306.0 9.380 1 34.466 1
2 411.0 7.620 1 34.518 1
2 500.0 7.130 1 34.555 1
2 602.0 6.340 1 34.535 1
2 803.0 5.340 1 34.553 1
2 996.0 4.240 1 34.565 1
2 1207.0 3.460 1 34.603 1
2 1500.0 2.890 1 34.611 1
1 1979111111 8.933 134.917 1 1 0
2 0.0 28.800 1 999.999 9
2 10.0 28.800 1 999.999 9
2 20.0 28.600 1 999.999 9
2 30.0 28.600 1 999.999 9
2 40.0 28.300 1 999.999 9
2 45.0 28.100 1 999.999 9
2 50.0 27.700 1 999.999 9
2 56.0 27.300 1 999.999 9
2 60.0 27.200 1 999.999 9
2 70.0 26.700 1 999.999 9
2 80.0 26.200 1 999.999 9
2 85.0 26.000 1 999.999 9
2 90.0 25.400 1 999.999 9
2 93.0 24.900 1 999.999 9
2 97.0 23.700 1 999.999 9
2 100.0 23.400 1 999.999 9
2 105.0 22.900 1 999.999 9
2 110.0 22.200 1 999.999 9
2 115.0 21.500 1 999.999 9
2 120.0 20.800 1 999.999 9
2 130.0 19.400 1 999.999 9
2 140.0 18.600 1 999.999 9
2 145.0 17.500 1 999.999 9
2 150.0 17.200 1 999.999 9
2 160.0 16.900 1 999.999 9
2 170.0 16.100 1 999.999 9
2 180.0 15.300 1 999.999 9
2 190.0 15.200 1 999.999 9
2 200.0 14.100 1 999.999 9
1 1979111116 8.500 135.000 7 1 1
2 0.0 28.780 1 33.934 1
2 10.0 28.740 1 33.929 1
2 20.0 28.740 1 33.933 1
2 30.0 28.620 1 33.942 1
2 49.0 28.400 1 34.110 1
2 75.0 27.480 1 34.463 1
2 99.0 24.370 1 34.818 1
2 125.0 22.070 1 34.802 1
2 150.0 19.280 1 34.825 1
2 200.0 13.640 1 34.541 1
2 252.0 10.660 1 34.443 1
2 307.0 8.620 1 34.402 1
2 411.0 7.380 1 34.461 1
2 500.0 6.850 1 34.483 1
2 602.0 6.250 1 34.511 1
2 803.0 5.180 1 34.526 1
2 996.0 4.230 1 34.553 1
2 1207.0 3.590 1 34.563 1
2 1500.0 2.880 1 34.593 1
1 1979111116 8.500 135.000 1 1 0
2 0.0 28.800 1 999.999 9
2 10.0 28.800 1 999.999 9
2 20.0 28.700 1 999.999 9
2 30.0 28.700 1 999.999 9
2 40.0 28.500 1 999.999 9
2 50.0 28.400 1 999.999 9
2 60.0 28.100 1 999.999 9
2 65.0 27.500 1 999.999 9
2 70.0 27.000 1 999.999 9
2 80.0 26.200 1 999.999 9
2 85.0 25.600 1 999.999 9
2 90.0 24.900 1 999.999 9
2 100.0 24.100 1 999.999 9
2 110.0 23.100 1 999.999 9
2 120.0 22.500 1 999.999 9
2 130.0 21.800 1 999.999 9
2 140.0 20.500 1 999.999 9
2 150.0 19.700 1 999.999 9
2 155.0 18.900 1 999.999 9
2 160.0 17.400 1 999.999 9
2 165.0 17.000 1 999.999 9
2 170.0 16.400 1 999.999 9
2 180.0 15.400 1 999.999 9
2 190.0 14.100 1 999.999 9
2 200.0 13.700 1 999.999 9
1 1979111123 9.567 134.967 7 1 1
2 0.0 28.680 1 34.274 1
2 10.0 28.660 1 34.268 1
2 20.0 28.580 1 34.288 1
2 31.0 28.400 1 34.364 1
2 50.0 28.260 1 34.410 1
2 75.0 26.650 1 34.784 1
2 100.0 23.930 1 35.072 1
2 125.0 21.240 1 35.114 1
2 150.0 19.080 1 34.956 1
2 200.0 14.220 1 34.601 1
2 251.0 9.740 1 34.479 1
2 306.0 8.490 1 34.530 1
2 411.0 6.890 1 34.480 1
2 500.0 6.550 1 34.485 1
2 602.0 6.400 1 34.557 1
2 803.0 5.210 1 34.558 1
2 996.0 4.360 1 34.585 1
2 1207.0 3.620 1 34.599 1
2 1500.0 2.840 1 34.628 1
1 1979111123 9.567 134.967 1 1 0
2 0.0 28.700 1 999.999 9
2 10.0 28.700 1 999.999 9
2 20.0 28.500 1 999.999 9
2 30.0 28.400 1 999.999 9
2 40.0 28.300 1 999.999 9
2 50.0 27.800 1 999.999 9
2 60.0 27.100 1 999.999 9
2 70.0 26.200 1 999.999 9
2 80.0 25.400 1 999.999 9
2 85.0 24.800 1 999.999 9
2 90.0 24.200 1 999.999 9
2 100.0 23.500 1 999.999 9
2 106.0 22.800 1 999.999 9
2 110.0 22.200 1 999.999 9
2 115.0 21.700 1 999.999 9
2 120.0 21.100 1 999.999 9
2 130.0 19.600 1 999.999 9
2 132.0 19.500 1 999.999 9
2 137.0 19.100 1 999.999 9
2 140.0 18.400 1 999.999 9
2 146.0 17.300 1 999.999 9
2 150.0 17.000 1 999.999 9
2 160.0 16.200 1 999.999 9
2 170.0 15.800 1 999.999 9
2 176.0 15.400 1 999.999 9
2 180.0 14.800 1 999.999 9
2 185.0 14.400 1 999.999 9
2 190.0 14.200 1 999.999 9
2 191.0 14.100 1 999.999 9
2 200.0 13.400 1 999.999 9
1 1979111217 9.967 134.917 7 1 1
2 0.0 28.500 1 34.208 1
2 10.0 28.500 1 34.203 1
2 20.0 28.500 1 34.233 1
2 30.0 28.420 1 34.323 1
2 49.0 28.060 1 34.466 1
2 75.0 26.800 1 34.775 1
2 99.0 24.530 1 34.987 1
2 125.0 22.250 1 35.096 1
2 151.0 21.040 1 35.024 1
2 199.0 16.420 1 34.708 1
2 252.0 11.480 1 34.436 1
2 307.0 9.760 1 34.488 1
2 411.0 7.580 1 34.429 1
2 500.0 6.720 1 34.434 1
2 602.0 6.290 1 34.506 1
2 803.0 5.280 1 34.506 1
2 996.0 4.310 1 34.538 1
2 1207.0 3.460 1 34.569 1
2 1500.0 2.660 1 34.583 1
1 1979111217 9.967 134.917 1 1 0
2 0.0 28.500 1 999.999 9
2 10.0 28.500 1 999.999 9
2 20.0 28.600 1 999.999 9
2 30.0 28.500 1 999.999 9
2 40.0 28.500 1 999.999 9
2 50.0 28.200 1 999.999 9
2 60.0 27.900 1 999.999 9
2 70.0 27.000 1 999.999 9
2 80.0 26.900 1 999.999 9
2 90.0 26.000 1 999.999 9
2 95.0 25.200 1 999.999 9
2 100.0 24.500 1 999.999 9
2 105.0 24.100 1 999.999 9
2 110.0 23.400 1 999.999 9
2 120.0 22.400 1 999.999 9
2 130.0 21.500 1 999.999 9
2 140.0 21.000 1 999.999 9
2 143.0 20.200 1 999.999 9
2 145.0 19.900 1 999.999 9
2 150.0 19.500 1 999.999 9
2 155.0 19.000 1 999.999 9
2 160.0 18.500 1 999.999 9
2 170.0 18.000 1 999.999 9
2 175.0 17.300 1 999.999 9
2 180.0 16.700 1 999.999 9
2 190.0 16.100 1 999.999 9
2 200.0 15.000 1 999.999 9
1 1979111304 9.933 134.917 1 1 0
2 0.0 28.700 1 999.999 9
2 10.0 28.600 1 999.999 9
2 20.0 28.600 1 999.999 9
2 30.0 28.600 1 999.999 9
2 40.0 28.500 1 999.999 9
2 50.0 28.500 1 999.999 9
2 60.0 28.200 1 999.999 9
2 70.0 27.600 1 999.999 9
2 80.0 27.100 1 999.999 9
2 90.0 27.000 1 999.999 9
2 95.0 26.900 1 999.999 9
2 97.0 26.600 1 999.999 9
2 100.0 25.500 1 999.999 9
2 105.0 24.400 1 999.999 9
2 110.0 23.400 1 999.999 9
2 115.0 22.900 1 999.999 9
2 120.0 22.000 1 999.999 9
2 124.0 21.000 1 999.999 9
2 125.0 20.500 1 999.999 9
2 130.0 20.100 1 999.999 9
2 140.0 19.000 1 999.999 9
2 150.0 17.900 1 999.999 9
2 160.0 17.100 1 999.999 9
2 170.0 16.000 1 999.999 9
2 180.0 15.100 1 999.999 9
2 190.0 14.100 1 999.999 9
2 200.0 12.900 1 999.999 9
1 1979111305 9.933 134.917 7 1 1
2 0.0 28.810 1 34.201 1
2 10.0 28.780 1 34.205 1
2 20.0 28.540 1 34.221 1
2 30.0 28.530 1 34.240 1
2 50.0 28.450 1 34.414 1
2 73.0 27.890 1 34.528 1
2 99.0 26.750 1 34.861 1
2 125.0 22.520 1 35.136 1
2 146.0 19.780 1 34.979 1
2 200.0 13.820 1 34.563 1
2 252.0 10.080 1 34.416 1
2 307.0 9.160 1 34.524 1
2 411.0 7.130 1 34.446 1
2 500.0 6.530 1 34.489 1
2 602.0 6.020 1 34.530 1
2 803.0 5.170 1 34.555 1
2 996.0 4.340 1 34.598 1
2 1207.0 3.460 1 34.599 1
2 1500.0 2.860 1 34.607 1
1 1979111511 5.750 135.017 2 1 0
2 0.0 29.590 1 999.999 9
2 4.0 29.590 1 999.999 9
2 7.0 29.500 1 999.999 9
2 10.0 29.400 1 999.999 9
2 13.0 29.400 1 999.999 9
2 17.0 29.290 1 999.999 9
2 20.0 29.290 1 999.999 9
2 23.0 29.290 1 999.999 9
2 26.0 29.200 1 999.999 9
2 30.0 29.090 1 999.999 9
2 33.0 29.090 1 999.999 9
2 36.0 29.000 1 999.999 9
2 39.0 29.000 1 999.999 9
2 42.0 28.900 1 999.999 9
2 46.0 28.900 1 999.999 9
2 49.0 29.000 1 999.999 9
2 52.0 29.000 1 999.999 9
2 55.0 28.790 1 999.999 9
2 59.0 28.790 1 999.999 9
2 62.0 28.790 1 999.999 9
2 65.0 28.790 1 999.999 9
2 68.0 28.700 1 999.999 9
2 71.0 28.500 1 999.999 9
2 75.0 28.400 1 999.999 9
2 78.0 28.290 1 999.999 9
2 81.0 27.700 1 999.999 9
2 84.0 27.290 1 999.999 9
2 87.0 26.790 1 999.999 9
2 91.0 26.700 1 999.999 9
2 94.0 26.000 1 999.999 9
2 97.0 25.700 1 999.999 9
2 100.0 24.900 1 999.999 9
2 103.0 24.590 1 999.999 9
2 107.0 24.500 1 999.999 9
2 110.0 23.090 1 999.999 9
2 113.0 22.500 1 999.999 9
2 116.0 22.090 1 999.999 9
2 119.0 20.290 1 999.999 9
2 123.0 19.090 1 999.999 9
2 126.0 18.290 1 999.999 9
2 129.0 17.590 1 999.999 9
2 132.0 15.600 1 999.999 9
2 135.0 14.700 1 999.999 9
2 139.0 14.000 1 999.999 9
2 142.0 13.390 1 999.999 9
2 145.0 13.200 1 999.999 9
2 148.0 12.790 1 999.999 9
2 151.0 12.000 1 999.999 9
2 155.0 11.700 1 999.999 9
2 158.0 11.500 1 999.999 9
2 161.0 11.390 1 999.999 9
2 164.0 11.200 1 999.999 9
2 167.0 11.100 1 999.999 9
2 170.0 10.890 1 999.999 9
2 174.0 10.790 1 999.999 9
2 177.0 10.500 1 999.999 9
2 180.0 10.500 1 999.999 9
2 183.0 10.290 1 999.999 9
2 186.0 10.000 1 999.999 9
2 190.0 10.000 1 999.999 9
2 193.0 9.790 1 999.999 9
2 196.0 9.790 1 999.999 9
2 199.0 9.700 1 999.999 9
1 1979111518 4.467 136.317 2 1 0
2 0.0 30.000 1 999.999 9
2 4.0 30.000 1 999.999 9
2 7.0 30.000 1 999.999 9
2 10.0 30.000 1 999.999 9
2 13.0 30.090 1 999.999 9
2 17.0 30.200 1 999.999 9
2 20.0 30.000 1 999.999 9
2 23.0 29.900 1 999.999 9
2 26.0 29.900 1 999.999 9
2 30.0 29.790 1 999.999 9
2 33.0 29.790 1 999.999 9
2 36.0 29.790 1 999.999 9
2 39.0 29.590 1 999.999 9
2 42.0 29.400 1 999.999 9
2 46.0 29.200 1 999.999 9
2 49.0 29.090 1 999.999 9
2 52.0 28.700 1 999.999 9
2 55.0 28.590 1 999.999 9
2 59.0 28.400 1 999.999 9
2 62.0 28.290 1 999.999 9
2 65.0 28.000 1 999.999 9
2 68.0 27.700 1 999.999 9
2 71.0 27.500 1 999.999 9
2 75.0 27.090 1 999.999 9
2 78.0 26.700 1 999.999 9
2 81.0 26.400 1 999.999 9
2 84.0 26.200 1 999.999 9
2 87.0 26.090 1 999.999 9
2 91.0 25.590 1 999.999 9
2 94.0 25.090 1 999.999 9
2 97.0 24.700 1 999.999 9
2 100.0 24.500 1 999.999 9
2 103.0 24.290 1 999.999 9
2 107.0 24.290 1 999.999 9
2 110.0 24.200 1 999.999 9
2 113.0 23.790 1 999.999 9
2 116.0 23.090 1 999.999 9
2 119.0 22.700 1 999.999 9
2 123.0 22.400 1 999.999 9
2 126.0 22.290 1 999.999 9
2 129.0 22.000 1 999.999 9
2 132.0 21.000 1 999.999 9
2 135.0 21.000 1 999.999 9
2 139.0 20.590 1 999.999 9
2 142.0 20.290 1 999.999 9
2 145.0 19.790 1 999.999 9
2 148.0 18.900 1 999.999 9
2 151.0 18.500 1 999.999 9
2 155.0 18.000 1 999.999 9
2 158.0 17.900 1 999.999 9
2 161.0 17.700 1 999.999 9
2 164.0 17.200 1 999.999 9
2 167.0 16.790 1 999.999 9
2 170.0 16.400 1 999.999 9
2 174.0 16.200 1 999.999 9
2 177.0 15.600 1 999.999 9
2 180.0 15.500 1 999.999 9
2 183.0 15.500 1 999.999 9
2 186.0 15.000 1 999.999 9
2 190.0 14.290 1 999.999 9
2 193.0 13.890 1 999.999 9
2 196.0 13.500 1 999.999 9
2 199.0 13.200 1 999.999 9
2 202.0 13.200 1 999.999 9
2 205.0 13.100 1 999.999 9
2 209.0 12.890 1 999.999 9
2 212.0 12.600 1 999.999 9
2 215.0 12.290 1 999.999 9
2 218.0 12.200 1 999.999 9
2 221.0 11.890 1 999.999 9
2 224.0 11.500 1 999.999 9
2 228.0 11.200 1 999.999 9
2 231.0 11.000 1 999.999 9
2 234.0 10.500 1 999.999 9
2 237.0 10.390 1 999.999 9
2 240.0 10.290 1 999.999 9
2 243.0 10.200 1 999.999 9
2 246.0 10.000 1 999.999 9
2 250.0 10.000 1 999.999 9
2 253.0 9.890 1 999.999 9
2 256.0 9.790 1 999.999 9
2 259.0 9.600 1 999.999 9
2 262.0 9.500 1 999.999 9
2 265.0 9.390 1 999.999 9
2 268.0 9.290 1 999.999 9
2 272.0 9.200 1 999.999 9
2 275.0 9.200 1 999.999 9
2 278.0 9.100 1 999.999 9
2 281.0 9.100 1 999.999 9
2 284.0 9.100 1 999.999 9
2 287.0 9.000 1 999.999 9
2 290.0 8.890 1 999.999 9
2 294.0 8.890 1 999.999 9
2 297.0 8.790 1 999.999 9
2 300.0 8.790 1 999.999 9
2 303.0 8.700 1 999.999 9
2 306.0 8.700 1 999.999 9
2 309.0 8.700 1 999.999 9
2 312.0 8.600 1 999.999 9
2 316.0 8.600 1 999.999 9
2 319.0 8.600 1 999.999 9
2 322.0 8.600 1 999.999 9
2 325.0 8.500 1 999.999 9
2 328.0 8.500 1 999.999 9
2 331.0 8.500 1 999.999 9
2 334.0 8.500 1 999.999 9
2 337.0 8.500 1 999.999 9
2 341.0 8.500 1 999.999 9
2 344.0 8.390 1 999.999 9
2 347.0 8.390 1 999.999 9
2 350.0 8.390 1 999.999 9
2 353.0 8.290 1 999.999 9
2 356.0 8.290 1 999.999 9
2 359.0 8.290 1 999.999 9
2 362.0 8.200 1 999.999 9
2 365.0 8.200 1 999.999 9
2 369.0 8.200 1 999.999 9
2 372.0 8.200 1 999.999 9
2 375.0 8.100 1 999.999 9
2 378.0 8.100 1 999.999 9
2 381.0 8.100 1 999.999 9
2 384.0 8.100 1 999.999 9
2 387.0 8.000 1 999.999 9
2 390.0 8.000 1 999.999 9
2 393.0 8.000 1 999.999 9
2 397.0 8.000 1 999.999 9
2 400.0 8.000 1 999.999 9
2 403.0 7.890 1 999.999 9
2 406.0 7.890 1 999.999 9
2 409.0 7.890 1 999.999 9
2 412.0 7.890 1 999.999 9
2 415.0 7.890 1 999.999 9
2 418.0 7.800 1 999.999 9
2 421.0 7.800 1 999.999 9
2 424.0 7.800 1 999.999 9
2 427.0 7.800 1 999.999 9
2 431.0 7.800 1 999.999 9
2 434.0 7.800 1 999.999 9
2 437.0 7.800 1 999.999 9
2 440.0 7.690 1 999.999 9
2 443.0 7.690 1 999.999 9
2 446.0 7.690 1 999.999 9
2 449.0 7.690 1 999.999 9
2 452.0 7.690 1 999.999 9
2 455.0 7.690 1 999.999 9
2 458.0 7.600 1 999.999 9
2 461.0 7.600 1 999.999 9
1 1979111602 3.567 137.383 2 1 0
2 0.0 29.400 1 999.999 9
2 4.0 29.400 1 999.999 9
2 7.0 29.400 1 999.999 9
2 10.0 29.290 1 999.999 9
2 13.0 29.290 1 999.999 9
2 17.0 29.000 1 999.999 9
2 20.0 28.590 1 999.999 9
2 23.0 28.400 1 999.999 9
2 26.0 28.200 1 999.999 9
2 30.0 28.200 1 999.999 9
2 33.0 28.000 1 999.999 9
2 36.0 28.000 1 999.999 9
2 39.0 28.000 1 999.999 9
2 42.0 27.900 1 999.999 9
2 46.0 27.900 1 999.999 9
2 49.0 27.900 1 999.999 9
2 52.0 27.900 1 999.999 9
2 55.0 27.900 1 999.999 9
2 59.0 27.900 1 999.999 9
2 62.0 27.790 1 999.999 9
2 65.0 27.790 1 999.999 9
2 68.0 27.700 1 999.999 9
2 71.0 27.590 1 999.999 9
2 75.0 27.400 1 999.999 9
2 78.0 27.400 1 999.999 9
2 81.0 27.400 1 999.999 9
2 84.0 27.290 1 999.999 9
2 87.0 27.090 1 999.999 9
2 91.0 26.900 1 999.999 9
2 94.0 26.790 1 999.999 9
2 97.0 26.590 1 999.999 9
2 100.0 26.290 1 999.999 9
2 103.0 26.090 1 999.999 9
2 107.0 25.500 1 999.999 9
2 110.0 25.400 1 999.999 9
2 113.0 25.090 1 999.999 9
2 116.0 25.000 1 999.999 9
2 119.0 25.000 1 999.999 9
2 123.0 25.000 1 999.999 9
2 126.0 25.000 1 999.999 9
2 129.0 24.900 1 999.999 9
2 132.0 24.900 1 999.999 9
2 135.0 24.900 1 999.999 9
2 139.0 24.590 1 999.999 9
2 142.0 24.090 1 999.999 9
2 145.0 23.500 1 999.999 9
2 148.0 23.090 1 999.999 9
2 151.0 22.590 1 999.999 9
2 155.0 22.090 1 999.999 9
2 158.0 21.790 1 999.999 9
2 161.0 21.500 1 999.999 9
2 164.0 20.790 1 999.999 9
2 167.0 20.500 1 999.999 9
2 170.0 19.400 1 999.999 9
2 174.0 19.200 1 999.999 9
2 177.0 19.090 1 999.999 9
2 180.0 19.000 1 999.999 9
2 183.0 18.700 1 999.999 9
2 186.0 18.290 1 999.999 9
2 190.0 18.090 1 999.999 9
2 193.0 17.900 1 999.999 9
2 196.0 17.590 1 999.999 9
2 199.0 17.290 1 999.999 9
2 202.0 16.900 1 999.999 9
2 205.0 16.290 1 999.999 9
2 209.0 16.290 1 999.999 9
2 212.0 16.200 1 999.999 9
2 215.0 16.090 1 999.999 9
2 218.0 16.000 1 999.999 9
2 221.0 15.890 1 999.999 9
2 224.0 15.790 1 999.999 9
2 228.0 15.390 1 999.999 9
2 231.0 15.100 1 999.999 9
2 234.0 14.790 1 999.999 9
2 237.0 14.500 1 999.999 9
2 240.0 14.290 1 999.999 9
2 243.0 14.100 1 999.999 9
2 246.0 13.600 1 999.999 9
2 250.0 13.000 1 999.999 9
2 253.0 12.500 1 999.999 9
2 256.0 12.390 1 999.999 9
2 259.0 12.200 1 999.999 9
2 262.0 11.790 1 999.999 9
2 265.0 11.600 1 999.999 9
2 268.0 11.390 1 999.999 9
2 272.0 11.290 1 999.999 9
2 275.0 11.200 1 999.999 9
2 278.0 11.000 1 999.999 9
2 281.0 10.890 1 999.999 9
2 284.0 10.790 1 999.999 9
2 287.0 10.700 1 999.999 9
2 290.0 10.500 1 999.999 9
2 294.0 10.390 1 999.999 9
2 297.0 10.100 1 999.999 9
2 300.0 9.890 1 999.999 9
2 303.0 9.790 1 999.999 9
2 306.0 9.700 1 999.999 9
2 309.0 9.500 1 999.999 9
2 312.0 9.290 1 999.999 9
2 316.0 9.200 1 999.999 9
2 319.0 9.100 1 999.999 9
2 322.0 9.000 1 999.999 9
2 325.0 9.000 1 999.999 9
2 328.0 8.890 1 999.999 9
2 331.0 8.890 1 999.999 9
2 334.0 8.790 1 999.999 9
2 337.0 8.600 1 999.999 9
2 341.0 8.500 1 999.999 9
2 344.0 8.600 1 999.999 9
2 347.0 8.500 1 999.999 9
2 350.0 8.390 1 999.999 9
2 353.0 8.390 1 999.999 9
2 356.0 8.290 1 999.999 9
2 359.0 8.200 1 999.999 9
2 362.0 8.200 1 999.999 9
2 365.0 8.200 1 999.999 9
2 369.0 8.200 1 999.999 9
2 372.0 8.200 1 999.999 9
2 375.0 8.100 1 999.999 9
2 378.0 8.100 1 999.999 9
2 381.0 8.100 1 999.999 9
2 384.0 8.100 1 999.999 9
2 387.0 8.100 1 999.999 9
2 390.0 8.100 1 999.999 9
2 393.0 8.100 1 999.999 9
2 397.0 8.000 1 999.999 9
2 400.0 8.000 1 999.999 9
2 403.0 8.000 1 999.999 9
2 406.0 8.000 1 999.999 9
2 409.0 8.100 1 999.999 9
2 412.0 8.000 1 999.999 9
2 415.0 8.000 1 999.999 9
2 418.0 8.000 1 999.999 9
2 421.0 8.000 1 999.999 9
2 424.0 7.890 1 999.999 9
2 427.0 7.890 1 999.999 9
2 431.0 7.800 1 999.999 9
2 434.0 7.800 1 999.999 9
2 437.0 7.800 1 999.999 9
2 440.0 7.800 1 999.999 9
2 443.0 7.690 1 999.999 9
2 446.0 7.690 1 999.999 9
1 1979111606 2.700 138.517 2 1 0
2 0.0 29.400 1 999.999 9
2 4.0 29.400 1 999.999 9
2 7.0 29.200 1 999.999 9
2 10.0 29.090 1 999.999 9
2 13.0 29.090 1 999.999 9
2 17.0 29.090 1 999.999 9
2 20.0 29.090 1 999.999 9
2 23.0 29.090 1 999.999 9
2 26.0 29.000 1 999.999 9
2 30.0 28.900 1 999.999 9
2 33.0 28.900 1 999.999 9
2 36.0 28.790 1 999.999 9
2 39.0 28.790 1 999.999 9
2 42.0 28.700 1 999.999 9
2 46.0 28.400 1 999.999 9
2 49.0 28.200 1 999.999 9
2 52.0 28.000 1 999.999 9
2 55.0 28.000 1 999.999 9
2 59.0 27.900 1 999.999 9
2 62.0 28.000 1 999.999 9
2 65.0 27.900 1 999.999 9
2 68.0 27.790 1 999.999 9
2 71.0 27.400 1 999.999 9
2 75.0 27.200 1 999.999 9
2 78.0 27.200 1 999.999 9
2 81.0 27.200 1 999.999 9
2 84.0 27.090 1 999.999 9
2 87.0 27.090 1 999.999 9
2 91.0 26.900 1 999.999 9
2 94.0 27.000 1 999.999 9
2 97.0 26.700 1 999.999 9
2 100.0 26.400 1 999.999 9
2 103.0 26.000 1 999.999 9
2 107.0 25.900 1 999.999 9
2 110.0 25.790 1 999.999 9
2 113.0 25.700 1 999.999 9
2 116.0 25.700 1 999.999 9
2 119.0 25.500 1 999.999 9
2 123.0 25.400 1 999.999 9
2 126.0 25.290 1 999.999 9
2 129.0 25.200 1 999.999 9
2 132.0 25.090 1 999.999 9
2 135.0 24.900 1 999.999 9
2 139.0 24.700 1 999.999 9
2 142.0 24.590 1 999.999 9
2 145.0 24.290 1 999.999 9
2 148.0 23.000 1 999.999 9
2 151.0 21.400 1 999.999 9
2 155.0 20.290 1 999.999 9
2 158.0 20.090 1 999.999 9
2 161.0 19.790 1 999.999 9
2 164.0 19.290 1 999.999 9
2 167.0 19.090 1 999.999 9
2 170.0 18.200 1 999.999 9
2 174.0 18.090 1 999.999 9
2 177.0 17.900 1 999.999 9
2 180.0 17.500 1 999.999 9
2 183.0 17.290 1 999.999 9
2 186.0 16.900 1 999.999 9
2 190.0 16.290 1 999.999 9
2 193.0 16.200 1 999.999 9
2 196.0 15.890 1 999.999 9
2 199.0 15.700 1 999.999 9
2 202.0 15.390 1 999.999 9
2 205.0 15.100 1 999.999 9
2 209.0 15.000 1 999.999 9
2 212.0 14.500 1 999.999 9
2 215.0 13.790 1 999.999 9
2 218.0 13.700 1 999.999 9
2 221.0 13.500 1 999.999 9
2 224.0 13.100 1 999.999 9
2 228.0 13.100 1 999.999 9
2 231.0 12.890 1 999.999 9
2 234.0 12.700 1 999.999 9
2 237.0 12.290 1 999.999 9
2 240.0 11.890 1 999.999 9
2 243.0 11.700 1 999.999 9
2 246.0 11.500 1 999.999 9
2 250.0 11.390 1 999.999 9
2 253.0 11.390 1 999.999 9
2 256.0 11.290 1 999.999 9
2 259.0 11.200 1 999.999 9
2 262.0 11.100 1 999.999 9
2 265.0 11.100 1 999.999 9
2 268.0 11.000 1 999.999 9
2 272.0 10.700 1 999.999 9
2 275.0 10.390 1 999.999 9
2 278.0 10.290 1 999.999 9
2 281.0 10.100 1 999.999 9
2 284.0 10.100 1 999.999 9
2 287.0 10.200 1 999.999 9
2 290.0 10.290 1 999.999 9
2 294.0 10.500 1 999.999 9
2 297.0 10.390 1 999.999 9
2 300.0 10.290 1 999.999 9
2 303.0 10.290 1 999.999 9
2 306.0 10.390 1 999.999 9
2 309.0 10.390 1 999.999 9
2 312.0 10.390 1 999.999 9
2 316.0 10.390 1 999.999 9
2 319.0 10.390 1 999.999 9
2 322.0 10.390 1 999.999 9
2 325.0 10.290 1 999.999 9
2 328.0 10.100 1 999.999 9
2 331.0 10.000 1 999.999 9
2 334.0 9.890 1 999.999 9
2 337.0 9.890 1 999.999 9
2 341.0 9.890 1 999.999 9
2 344.0 9.890 1 999.999 9
2 347.0 9.790 1 999.999 9
2 350.0 9.700 1 999.999 9
2 353.0 9.700 1 999.999 9
2 356.0 9.700 1 999.999 9
2 359.0 9.700 1 999.999 9
2 362.0 9.700 1 999.999 9
2 365.0 9.600 1 999.999 9
2 369.0 9.600 1 999.999 9
2 372.0 9.600 1 999.999 9
2 375.0 9.600 1 999.999 9
2 378.0 9.500 1 999.999 9
2 381.0 9.390 1 999.999 9
2 384.0 9.390 1 999.999 9
2 387.0 9.290 1 999.999 9
2 390.0 9.290 1 999.999 9
2 393.0 9.290 1 999.999 9
2 397.0 9.290 1 999.999 9
2 400.0 9.290 1 999.999 9
2 403.0 9.200 1 999.999 9
2 406.0 9.200 1 999.999 9
2 409.0 9.200 1 999.999 9
2 412.0 9.200 1 999.999 9
2 415.0 9.200 1 999.999 9
2 418.0 9.200 1 999.999 9
2 421.0 9.200 1 999.999 9
2 424.0 9.200 1 999.999 9
2 427.0 9.200 1 999.999 9
2 431.0 9.200 1 999.999 9
2 434.0 9.100 1 999.999 9
2 437.0 9.100 1 999.999 9
2 440.0 9.000 1 999.999 9
2 443.0 9.000 1 999.999 9
2 446.0 9.000 1 999.999 9
1 1979120300 2.517 135.617 1 1 0
2 0.0 28.900 1 999.999 9
2 10.0 28.900 1 999.999 9
2 20.0 28.800 1 999.999 9
2 30.0 28.800 1 999.999 9
2 40.0 28.600 1 999.999 9
2 50.0 28.500 1 999.999 9
2 60.0 27.600 1 999.999 9
2 70.0 26.900 1 999.999 9
2 74.0 25.900 1 999.999 9
2 80.0 25.900 1 999.999 9
2 85.0 25.800 1 999.999 9
2 90.0 25.500 1 999.999 9
2 100.0 24.700 1 999.999 9
2 110.0 24.300 1 999.999 9
2 120.0 24.100 1 999.999 9
2 130.0 23.200 1 999.999 9
2 135.0 23.100 1 999.999 9
2 140.0 22.800 1 999.999 9
2 145.0 22.300 1 999.999 9
2 150.0 21.200 1 999.999 9
2 155.0 21.400 1 999.999 9
2 160.0 21.200 1 999.999 9
2 170.0 20.700 1 999.999 9
2 180.0 19.600 1 999.999 9
2 190.0 18.600 1 999.999 9
2 200.0 17.900 1 999.999 9
1 1979120305 2.167 136.467 1 1 0
2 0.0 28.900 1 999.999 9
2 10.0 28.800 1 999.999 9
2 11.0 28.600 1 999.999 9
2 20.0 28.600 1 999.999 9
2 30.0 28.600 1 999.999 9
2 40.0 28.600 1 999.999 9
2 50.0 28.200 1 999.999 9
2 58.0 27.900 1 999.999 9
2 60.0 26.300 1 999.999 9
2 65.0 25.600 1 999.999 9
2 68.0 25.300 1 999.999 9
2 70.0 25.100 1 999.999 9
2 80.0 24.600 1 999.999 9
2 90.0 24.300 1 999.999 9
2 100.0 23.800 1 999.999 9
2 110.0 23.300 1 999.999 9
2 115.0 23.000 1 999.999 9
2 118.0 22.100 1 999.999 9
2 120.0 22.100 1 999.999 9
2 130.0 22.200 1 999.999 9
2 132.0 22.100 1 999.999 9
2 139.0 21.300 1 999.999 9
2 140.0 21.200 1 999.999 9
2 150.0 20.900 1 999.999 9
2 158.0 20.800 1 999.999 9
2 160.0 20.700 1 999.999 9
2 165.0 20.100 1 999.999 9
2 170.0 19.600 1 999.999 9
2 175.0 18.800 1 999.999 9
2 180.0 18.500 1 999.999 9
2 189.0 18.200 1 999.999 9
2 190.0 18.000 1 999.999 9
2 195.0 16.600 1 999.999 9
2 200.0 15.400 1 999.999 9
